2.0 2.764795580655635 1.0 
2.0 2.0 0.0 
44.493829559392886 2.5790889774002843 0.5336642265365215 
2.0 2.907685928997523 0.04775904631577599 
2.0 3.2142018150064713 0.5219949555298575 
2.0 2.006325757475186 0.016333975049983407 
2.0 2.9088449523468416 0.6375106857892527 
7.200393553611923 2.0 0.04744529463792262 
2.0 4.329897278226569 0.0 
2.019832393235876 5.747887804530096 0.18220288226538806 
2.026048354254526 2.518023096273338 0.34179604483087767 
2.0 2.807669654368624 0.6439434271221043 
2.0 2.0 0.12570126808170712 
2.031527152868644 2.6865700326779383 0.4521809544196248 
2.0 2.6464091916844703 0.3934643240373848 
2.0 3.225761640600808 0.42886465372170335 
2.0 2.884119678194369 0.9728117744052648 
2.0 3.3864735406663646 0.8521928730371653 
6.740634211535705 2.0 0.0 
2.0165517991253794 2.9494985894821864 0.6793510803394543 
2.088927794603874 3.731022974674635 0.1258519287623579 
2.0 5.228429812815186 0.0 
2.0 3.497454001809359 0.885924611560335 
2.0 3.313951153716939 0.5617882861223003 
2.0 2.5970802209183104 0.5679580035784375 
2.1387754768199225 3.3718974634996535 0.7379655971324428 
5.473200611409063 2.0 0.0 
2.0 2.5885391061456935 0.24164654182859388 
2.1332762136054546 3.452001403589368 0.925542857064825 
2.0 2.8649040992665187 0.0 
2.0957171511649597 3.1725639301005004 0.806387215191767 
7.642988882590822 2.0087747538888387 0.0 
2.0 2.9590922565690922 0.22019835223419854 
2.0 2.0 0.16320693099306133 
2.237815529733096 2.8490538218662347 0.32944230528497903 
2.0 3.9299644733856685 0.3809739882010932 
2.0 3.132271015483856 0.7744469591586023 
2.0 3.952531662775964 0.3114701247714923 
38.41286048506714 3.7358799113951715 0.30482021103622065 
8.95539978788893 2.0 0.0 
6.116049747000375 2.0 0.0 
2.2225561307644153 5.97060760611388 0.5095678007362644 
2.6177643716994123 3.0610170820494247 8.440621262881664E-4 
8.003084334029396 2.9077425947646924 0.0 
2.0 3.5320967075095373 0.2993985017024667 
4.519905822435426 3.2904961904501278 0.0 
2.0 3.0526123638970164 0.16305589317369884 
14.44509531131946 3.3154474543720696 0.0 
20.784716166613972 2.972313921616251 0.0 
15.257752058936978 3.1699380213728268 0.0 
