2.0 3.225851806422379 0.7635100548860453 
36.8591484627825 4.267395001464301 0.6491712181953754 
2.0 3.2678093542693873 0.7961254887444865 
2.0 3.1422338165531594 1.0 
2.269963304506383 2.8290966936325685 0.6380086184024862 
2.463246769423195 2.5042495848031883 0.5 
2.0 3.0613494792026965 0.40894707549253567 
2.0 3.1017344604248853 0.6720266827593133 
2.0 3.373830574132846 0.720669754628179 
2.0 2.8043052348213426 0.5980267888459792 
46.81515279828092 3.2525213690328485 0.6709540403484363 
2.02195048796727 3.459334101353744 0.41573264335542726 
2.4270025687760306 3.197758802752244 0.46102633508627056 
2.0 2.5699850101682333 0.3187377132601319 
2.0 3.384367620651652 0.6823635878362273 
2.0 6.2276037290967805 0.47185860083268455 
2.0 2.0 0.014688549656989503 
2.0 2.0 0.0 
2.0 3.3054782321964256 0.0 
2.1140243697695213 3.734221082739585 0.3775024702545618 
2.0 2.7255936581419546 0.860591572540877 
2.010561742950962 2.0 0.15784217775733245 
2.0 3.2703652527729 0.21433067397713712 
8.27473911795489 2.0 0.0 
2.1293431352384014 3.7166916503424736 0.3149639455672973 
23.318322930196338 3.431386864907007 0.0 
2.450828616255631 3.385942817055374 0.22617100942899393 
2.0 4.03985756404302 0.0 
7.528468776900171 3.045818983722124 0.0 
2.0 2.8858899482170166 0.011292605538047618 
2.0 2.5116661046274396 0.18505570055968232 
2.2485691198129856 4.299552743652516 0.268912561927763 
2.0 2.6128090297705637 0.35650712244332383 
2.0 4.6084881263737465 0.0 
12.21795353214581 2.5646026931121653 0.0 
2.324996657309361 3.105627011490838 0.5565829270447523 
5.311010110347768 3.2348166452414384 0.0 
9.116034319333178 2.0 0.0 
2.0 2.5975771584703367 0.9042478678447359 
2.0 2.7119623359978435 0.9556862140345543 
15.075148767462508 2.9956530458424386 0.0 
2.9057423944293252 3.2547345310466484 0.017144265530466267 
2.0 3.699536784291654 0.10426071153084371 
4.625441102804046 2.0 0.0 
2.005876698244741 2.0714297660126437 0.1114792396495195 
21.94703395597812 3.4820367518467243 0.0 
2.987667505832393 3.1936609285530153 0.14748089114565635 
17.37969289054786 3.2592895610902826 0.0 
6.22635602251479 2.2020680054370367 0.0 
6.649517150128338 2.0 0.0 
2.346207984854188 5.624914070637668 0.1831445903852874 
2.0013149909637526 2.6522506140497732 0.8941501198101536 
