2.2179462943938697 3.94648137951524 0.5990396185701192 
4.647780266492925 2.0 0.0 
2.0 10.014236809626956 0.0 
2.297351759934551 4.4683469974661865 0.634965695387152 
2.0 2.0 0.034883584078127194 
2.0 9.249507465357002 0.0 
2.0627235235465404 2.872866220693927 0.23015786755275763 
12.289004092793874 3.449522540382656 0.34521946065224113 
2.0 2.602804945463239 1.0 
2.0 4.4260535690652105 0.7439022008967187 
2.0 2.0 0.0 
23.643047889858003 2.827113834160982 0.2101508420401611 
2.0 5.994178547297636 0.0 
2.069515517760283 3.0049203033246252 0.657016812492977 
2.2501924136886466 3.783354783095177 0.5312548350205105 
4.173201736012761 2.0 0.0 
45.555070432662156 2.6037870740858895 0.21752970260756693 
2.225350317311429 3.272139207956821 0.6269380102182742 
8.307827879615406 3.134875025018278 0.5036175097289204 
2.139744625897162 3.464617230014917 0.26720946256271316 
2.007571987463102 5.826556128140515 0.04035246024015529 
2.0 3.8208760833418 0.38783795852788155 
2.0 3.0818739873958085 0.5342400299693666 
15.644412413731981 3.1835332840901116 0.15346314446809473 
2.769920800115957 2.0 0.0 
5.864600559138351 3.3488371706010147 0.7210719506999141 
2.6877223631568863 3.753799768539745 0.28607423086724626 
2.0 5.490842571864124 0.2610639088688547 
2.0 3.6346101456066497 0.2573642115376449 
4.395738307295297 2.0 0.032472625241725304 
11.052684286229585 2.0 0.0 
2.3504293258218185 3.121040583818299 0.005000000000000001 
26.535822995850623 2.0 0.0 
5.150763747778275 2.7508081051616564 0.5604997603202877 
3.8604422088595696 2.8055167575972337 0.21137803956435944 
10.163989740602377 2.709254651383083 0.5641800369380323 
2.0728290244756353 3.173537623465233 0.9200830416716728 
2.0 7.367208330157983 0.0 
2.0 3.446340033689972 0.3890714426783868 
5.281543216026755 3.487871418896897 0.7110166922151206 
8.131352957243163 3.2730388205176775 1.0 
5.803660538176405 3.3054791044237843 0.0 
2.5312946236125407 3.469411707345731 0.6730037941177777 
2.0 2.9862570643315065 0.18653522027668917 
2.7216251934986344 2.9759967283640347 0.8456176278448956 
35.67934400581687 3.653109136287217 0.23297580525644207 
2.0 3.990715090274942 0.8169133809658982 
2.7469801089733714 4.209101106759704 0.5643887512834176 
2.5956135500781854 2.619405803788648 0.9764485564187722 
2.0 4.359204362386694 0.7932310838254066 
9.480046647388889 2.6949861664295613 0.0 
3.367834519359516 2.3815543651450026 0.08837278290495393 
8.070377724684594 2.633474010019054 0.27531575617050263 
3.0446222312457145 3.1308125495137435 0.9365947869252215 
5.114637452540671 2.6990945723625472 0.5 
12.400638816645692 3.06299526533207 0.6750604699600022 
