48.718621820635434 2.9985046873529555 0.840864687396184 
2.0 3.668360773471396 0.6108833705147614 
40.524158004759045 3.517545147883368 0.8208535073678076 
2.0 3.436275889543291 0.28248841210202014 
2.0 4.013837564602424 0.7496025479259494 
2.0 4.11870564633093 0.3656393034243126 
2.0 2.0 0.0 
8.05 3.0292236532549315 0.0025869246292164706 
2.0 9.5249210473815 0.0 
2.0 2.0 0.01838067737461047 
2.0 2.980809900171869 0.013813614118836304 
2.032304674414379 2.79884682742217 0.5359982991327448 
8.08368026275766 2.891349048222071 0.5 
2.0 6.316155008693215 0.0 
2.227178793015035 4.420651256727544 0.603758371968407 
2.0 2.569922050193771 1.0 
2.003929660965904 4.118241774911658 0.29991315177351074 
10.749374852230595 2.140751349902457 0.0 
2.0 6.2084847583367875 0.11618833950444118 
2.055116523331086 3.009955979412004 0.3915895077991451 
2.0 4.861311918023645 0.29870230219664384 
2.958972494878498 3.5189496512456566 0.5561791843057883 
2.7086009265347153 3.0836213631121656 0.6785423755564498 
10.148859720549034 3.0513946217072903 0.5823461838716153 
2.0 3.0783717009553038 0.26005109586919306 
12.435849948449473 2.9776601367431215 0.06753193675881908 
2.382807072236769 3.582641456534263 0.5113393886841808 
3.649807367314586 3.4389628230252587 0.22321429174121873 
3.5458014868540566 2.0 0.0015975918980020857 
3.689463696124627 2.0 0.0 
5.878433704590099 3.3713669189749806 0.9488902627373152 
2.3792468400531432 3.017135098923123 0.649696419905523 
2.605 2.711252244214692 1.0 
24.654363362506416 2.0 0.0 
2.515488787112889 2.6327534221906777 0.9519885688756295 
7.80619774271974 2.8541625188523847 0.9396784873753294 
2.0 8.686196653169787 0.0 
9.221531813692458 3.218406553746642 0.0 
15.783572258186787 2.597766447360054 0.5 
4.850888000295198 2.9921422556670807 0.4813423337830739 
12.091650190628025 2.8030484704756216 0.7002298345855489 
2.0 3.890946894015353 0.8303837803109129 
3.347798377549318 3.1402952398012927 0.860444966760112 
2.0 3.066526563768564 0.6017624524199309 
5.526067683574043 3.4474176598656734 0.0 
5.8298243127280385 2.8184117171003407 0.6963143050665583 
2.0 2.7435241397840593 0.9186598805828625 
11.004375344649489 2.6128497860427884 0.0 
5.126678464601497 2.442971805860467 0.0 
5.2431792118762495 3.485483481787783 0.6021943138281809 
2.0499478390082535 2.8754876509544713 0.16167344243063925 
3.1280220075128695 2.058251486115757 0.07857288883001684 
2.0 3.8059664685373593 0.7882336750044214 
2.6373433436981246 2.0 0.0 
3.0813624591936017 4.322228075798551 0.23526101818025172 
22.754911614017264 2.5093084424789707 0.5760981767745548 
4.8929440442937056 2.907021004695564 0.6708363553173103 
