2.0 2.0 0.2281042847626882 
8.0087866998955 2.0 0.4976856024553502 
17.864218093642698 2.0 0.0 
8.968595252126043 2.0 0.3947086386540058 
2.0 2.0 0.0 
2.0 2.0 0.44847511285097785 
12.632123850973983 3.3786460314848163 0.0 
3.5735864761634772 2.0 0.2878058778472982 
4.356176665963261 2.0 0.0 
13.495338455748517 2.0 0.0 
2.0 2.0 1.0 
2.0 6.022685195543543 0.3820863057853381 
9.955060054000574 2.0 0.0 
2.0 3.2295243825023476 0.06441736277290822 
4.746070678299711 2.195865141428849 0.0 
11.010460757335096 2.0 0.0 
18.623179345250524 2.0 1.0 
33.86858279667773 2.0 0.157883162696403 
3.9063973453069645 2.0 0.22161559421161514 
3.3990823040270843 2.350162851881559 0.6174033203838694 
2.0 2.0 0.5158699151847161 
2.4890599777524196 2.667646513488104 0.0794450672075097 
3.1067546856327795 2.0 0.329061529181442 
9.86342747334366 2.0 0.49732842450556075 
2.0 2.0 0.18856126396481687 
2.0 2.0 0.7245225891320786 
7.70725054517299 2.000012762932389 0.883271163532707 
2.095139851369452 2.1000799523925764 0.15897698359783913 
2.3392344566537115 2.0 0.006141056403630718 
2.5525091536008966 2.6372532616971616 0.11299140524476384 
2.9061555455329273 2.0 0.0 
2.884682220646286 2.45340401610034 0.945859000047857 
2.0 2.0 0.5532004699887381 
2.5850677110468716 2.0232470421455107 0.5884999220732304 
3.5979117570644616 2.0 1.0 
10.223974864761864 2.0 0.5 
2.121265546526029 2.0 0.9549625244393656 
5.663367445216756 2.0 0.0 
2.9262349712817697 2.1290721924774134 0.8217787823522118 
2.109870383253758 2.115575361608362 0.12286432019118335 
20.03665265056264 3.154377188160527 0.0 
3.8793796215815637 2.82183486428604 0.26209794023239674 
6.624520345025928 2.0 0.5 
39.83327641080261 2.0 0.0 
7.837243467631667 2.0181147856311425 0.781383001859301 
4.822938600480876 2.0 0.6878542966066774 
4.940286539843937 2.065575315552042 0.8201744649303675 
6.431233545877465 2.0331956820126362 0.6605888621415428 
2.8745758810167032 2.0 0.7459181952460789 
4.100590851253355 2.0062047369721 0.37636220550348864 
16.674910661348612 2.0 0.7341119800832179 
2.0 2.0 0.868524244315451 
13.199801843173683 2.3103081682098505 0.5454375046232548 
3.123695402525983 2.034017382504458 0.5 
9.258109275098581 2.034041189710471 0.9142596376143353 
9.890789523955002 3.140704781848874 0.0 
3.2217818728558587 2.0 0.5348387487928514 
4.626966392428601 2.416701849304742 0.45350102714529544 
2.0 2.0 0.3033282856967992 
7.119486375123227 2.0442921481828638 0.5828858654981904 
8.76141323543214 2.0 0.756401842318009 
2.7862991040928025 2.0 0.8891820871108032 
3.5433615406139856 2.006072252374707 0.5631673416544376 
13.484049934692168 2.0183781374285443 0.8604991547654891 
5.8384604136233955 3.357251223589662 0.0 
6.752966532856172 2.0104432261388596 0.0 
10.669333590137224 2.717259153241435 0.0 
7.162660623276711 2.027562291670277 0.8167733266401246 
4.862295032606333 2.231939015174937 0.2612934031038216 
7.049686547495375 2.023334074484891 0.9155459511959175 
8.896682215013769 3.348748853656572 0.0 
3.1824918322563667 2.1344085207541985 0.12218727858457804 
18.828476835588447 2.2557455707684015 0.5 
5.606342372932419 2.181844698571348 1.0 
3.3392037258326166 2.0 0.21346513453850402 
14.764174567157099 2.0315586657508415 0.8788763926555768 
4.644855473693553 2.1015162108636334 0.9371779911317603 
12.003907768109439 2.0887500179675196 0.9750249350101959 
4.639185868423949 2.00933994503348 0.34901614931183006 
20.383631225727722 2.1624028547272798 1.0 
7.664359455377021 2.1561720034853216 0.6345984064876952 
8.169291273153785 2.0136186038882324 0.3980008599166804 
3.4769942544056804 2.8007487499908232 0.07194287967495261 
6.922878001106994 2.0 1.0 
5.825292125996848 2.017127349829429 0.9241856187221857 
3.864513656422808 2.0060240473631072 0.3154668248952193 
26.806859654104514 2.3077960363770353 0.710531610322915 
2.5354210119235856 2.0698330610408364 0.4307648192644561 
10.297690389285123 2.0468309923557535 0.9747253513483094 
6.535131592084641 2.386784828489738 0.32811820139217546 
7.60911862631365 2.705962360174481 0.0 
13.849318139703904 2.0950853506634055 1.0 
2.585385236653835 2.038723976497041 0.34872380393662494 
7.032964943509767 2.0 0.2425117265728597 
11.1626776402376 2.009030454472309 0.3440726972919393 
2.5819474284444466 5.322182798254486 0.12163608314552588 
3.998353151329999 2.704815324899216 0.20659792730922888 
2.0 2.515885625352797 0.30647950228214127 
6.41696726356506 2.084078315831177 0.3741774039866605 
2.2156111026181033 8.764421795355842 0.2720241809948755 
