18.080056561504833 2.0 0.631414978342981 
2.299688691795004 2.0 0.006594944369607503 
17.108052597057885 2.0 0.630232836157992 
2.0 2.0 0.8529956659874627 
3.598652602967171 2.302392388270057 0.08339281419534017 
6.1624438713730685 2.0 0.0 
2.0 2.0 0.0 
6.103588769755969 2.0 0.6886614822952871 
10.679886966566341 2.0 1.0 
4.841893166681453 2.0 0.46153816984893176 
2.0 2.5911519524591244 0.09618623967525942 
18.177147303037106 2.0 0.7285577688786382 
36.658285503950104 3.6059238145639507 0.5563940365375813 
58.310795271142894 3.104079733449116 0.29442249459133346 
14.978204281275865 2.0 0.5 
2.0 2.0 0.7151652021839996 
3.479809682833908 2.4658842381430897 0.0 
8.928204281275864 2.1415942723011527 0.45 
2.0 2.0 0.7463436781000127 
26.46814706649053 5.851234183676635 0.26124432862251273 
11.041058894086744 2.0 0.4039973060597979 
2.0 2.1251144914524116 0.9287549124105734 
3.2746135173508075 2.520664506638397 0.5789043255836281 
11.536420577485817 2.1831462225811107 0.5 
6.794520066193444 3.3059929155684458 0.0 
6.585195167055592 2.0 0.17923054711210434 
2.0 2.0895933428987274 0.771127925144705 
13.678130787156451 2.0 0.6771804695525067 
24.47605850828724 2.0 0.9356180149996448 
7.857544573683257 2.322812248493102 0.3096812237362796 
6.406049719619958 2.2350727102114254 0.21463814866241393 
3.8435066130406286 2.0 0.28088145151179583 
4.971445580798868 2.4265146236786745 0.1978494672174742 
3.4872613611699332 3.281508339548255 0.7841907974846842 
2.8874870594993043 2.0 0.4649658649002161 
7.173257017554776 2.028510575364617 0.0 
2.594826088569673 2.0707649422779673 0.31318680385367853 
3.151955666567061 2.0 0.2174047341586718 
3.0943635563651894 2.41219064914788 0.10805257603393094 
2.0 3.330428465712497 0.07014293364296112 
5.057762638640909 2.007996216731644 0.0 
10.80258711194779 2.0062027953730635 0.8210013290224563 
23.563475272946345 3.1725975201146968 0.0 
6.086228778466767 2.1789488776984 0.8086417800711638 
5.125076928714659 2.788470119466058 0.8698490517502174 
2.862483175225417 2.1599285885453416 0.6938819492857841 
3.843224603962611 2.454755263315881 0.8666226251037293 
11.46433435457373 2.2090668136590117 0.0 
13.496878812462848 2.0 0.9719141067380025 
3.2136726087309055 2.0179147584700674 0.1297359915513927 
10.406500628120433 2.0051573083276986 0.6403262653586697 
16.040409074048235 3.191302018984689 0.0 
2.0 2.6993257934178203 0.8369263961909967 
3.36634707957698 2.1306542101202015 0.44479743689590123 
4.351930759478892 2.1954653366151016 0.802676371005383 
14.265742770813892 2.0 1.0 
3.4652783414067025 2.0831519176075575 0.8203411330250456 
4.262570261439854 2.0110741909182224 0.8068615982393206 
2.3179700078796115 2.6020930882411157 0.8861676767997613 
5.794071287791852 2.0 0.8983298849476151 
10.930470046257906 2.56770090217677 0.0 
3.12035464251312 2.6403590520403917 0.6494338093632266 
3.1854697662058795 2.7953059752913667 0.6945702420112538 
