49.11150777526257 3.458771244905847 0.2679847483943629 
2.0 2.9356719916397545 1.0 
2.0 2.0 0.0 
2.0 2.0 0.1043900837010695 
13.776155522079762 2.0 0.0 
2.449099675801129 2.0 0.16908529087636248 
2.6270401709800377 3.337200262592466 0.1545397957681845 
2.0 2.0 0.019813674477311305 
2.0 2.5564948690434015 0.0 
2.0 2.8798531297179863 0.6809030705951516 
18.430586707742137 2.0 0.0 
2.0 3.0652370810767966 0.03996271357518929 
2.01779337276054 6.331012882055297 0.5 
5.241445317231486 2.127225752372758 0.0 
7.512341470043627 2.0 0.0 
2.0 4.826427639419583 0.0 
6.407220185897482 2.0 0.0 
2.1314281384246967 3.53081078131491 0.3170065718431565 
2.3163273003146294 3.0387066359042407 0.8495728767529438 
22.37629173628052 2.664406681422922 0.0 
2.510436906308057 2.520129896411568 0.09536979114568225 
11.752317169440857 3.164849901258553 0.0 
2.0 3.552379013559816 0.0 
5.017463819422476 2.7133881579056904 0.0 
6.9588331313687 2.3042593715625665 0.0 
2.244132049203647 3.111751988983243 0.5694252423579239 
24.364622001629254 2.888915083159483 0.0 
2.0 2.6009997924214887 0.1811962082040477 
8.75380307870224 2.130374782949321 0.0 
2.0 3.5981325846034355 0.14497740170627915 
2.2421304046469723 2.7587350102446946 0.8992745991913763 
2.0 2.9384111370851915 0.49983188417000474 
2.262756962488629 3.619398154205194 0.38363105747380183 
2.0 3.3235479873764953 0.34341925265666584 
2.458506551289436 2.982032723773103 0.7728327936060321 
37.575437976559684 3.546499275909536 0.18590134351001464 
2.0 3.1488519692107104 0.4366376790183891 
2.0 3.073069562809619 0.5389550494078454 
9.966064987964923 3.2007489279849985 0.0 
2.0023352852369194 2.9989796235065875 0.96391723039986 
2.130673499653438 2.958074384569026 0.6022499339894548 
16.58064064402327 2.9964082375855194 0.0 
2.2314749842709642 2.5537512756812055 0.4034722665029551 
2.4385914253187875 3.6978615059504825 0.2907119839985546 
2.361031121103571 2.602649493563347 0.7220340197802758 
2.0 2.7632515008141683 0.8137961089536694 
2.0 2.5880677413487683 0.4634291045752408 
2.0 3.412923513736301 0.31972751141777644 
2.1509838889518433 3.494455402878275 0.2016601003639269 
2.0976672762092052 3.220751390126672 0.23048125423185375 
2.493379449548581 3.228558306063481 0.6554272163233203 
2.1318302003132996 2.939765232093306 0.9320952913851078 
2.4456173082180155 5.633124210474015 0.1507732966926776 
10.949205294912929 2.9887906387940015 0.0 
15.334845343831358 3.286049867042367 0.0 
