2.0 2.0 0.7722591534504827 
2.0 2.048127999132795 0.7061235685314513 
2.0 2.2358314046784398 0.9262680249888131 
51.685086887278516 3.1818091077469504 0.754991609222791 
2.0 2.0 0.8439533467410458 
38.41431375885783 3.6305028529512486 0.5646526437110657 
23.377185847212957 2.0 0.9001328977190435 
6.428245409119174 2.0 0.9234408487619055 
14.13681553086358 2.0 0.5707439639041412 
2.0002334621113613 2.620006638769955 0.8827538187183787 
2.0 2.0 0.0 
5.583598856225185 2.0 0.7977032235470214 
7.639510207453795 2.0 0.3367807181350486 
2.000385280011165 2.9842638030779587 0.85612240757926 
10.588272393105012 2.0 0.842772955505602 
2.7565716904632165 2.0 0.19856580580229005 
6.344352694823399 2.0 0.0 
2.7573080477948486 2.4083754188144897 0.7112777537817806 
6.528349549072956 2.0 0.0 
2.2214562777623073 2.0 0.01642927483894556 
12.495841787000874 2.0 0.4809752691114699 
4.400831304591038 2.0 0.7723065724202749 
5.001229989955108 2.0 0.0 
4.639965281410376 2.0181488752755627 0.2081187082409361 
2.7061113058321506 2.0 0.0 
3.558348035322857 2.1935672336384577 0.09806729742098985 
2.0 3.473608593684462 0.05917346920537114 
10.582466567435933 2.0625192932920036 0.3246878767065281 
11.030732811905043 2.0 0.0 
2.6700017252811437 2.013874062424043 0.4733281713760918 
9.954675606766525 2.0 0.7408989853896999 
3.1895969609872377 2.0 0.8559051836303117 
17.624731863427666 2.4197227554160268 0.8115270576815079 
3.6606879244574655 3.0550678656263512 0.4119112518694228 
17.442069088585853 2.1080188828773236 0.786533666213026 
8.719360074680788 2.136393785664587 0.5065724725711671 
3.3881338496036326 2.0403499450552314 0.1298621143229443 
2.2694299277727086 2.0066496523115127 0.7400979105848466 
18.122131405943616 2.0060384296522393 0.49854066260986646 
2.8624911620866627 12.290011400244214 0.0 
5.836890293227058 2.2953820622881476 0.20421227180569024 
4.480045719288215 2.1969789275548894 0.2591815686580691 
3.3423794010368946 2.6138341443088002 0.7520420799747115 
6.198878069713153 2.008761922064175 0.876397633610232 
4.323160225563177 2.0 0.8178689461148188 
14.65159631599468 2.2969619805426067 0.5 
6.682793156318509 2.829624333384453 0.0 
6.025462626210249 2.015907550190865 0.7191821547856032 
6.935003750781581 2.0170169402418274 0.1798426771621545 
2.909108582974848 2.8581265385188717 0.7025679300927913 
3.1452763805597863 2.1817013628099104 0.11088702355500235 
2.542067184740532 2.6266756790212957 0.6265613071367813 
13.585826462886967 2.2513919844339583 1.0 
3.1005076332094497 2.130384024653779 0.7500663853944212 
12.725442495938927 2.0548422517364493 0.9153115140067826 
2.8028592750285637 2.249258236821153 0.8044916883702515 
11.497121849331304 3.3303425071808297 0.0 
2.697537586946165 2.0 0.32184774056685206 
4.6934534313015845 2.859685125302102 0.8907000623876554 
2.825383083064836 2.656492802959402 0.5770927597558522 
3.8585312440313606 2.3105301312817574 0.8661702396836438 
13.244646739488186 3.252875560559729 0.0 
11.211134578967263 2.2645653182607277 1.0 
