3.2714732186831297 2.0 0.8151340521751065 
2.0 2.0 0.0 
6.545252106631193 2.0 0.0 
6.43202931492177 2.0 0.8862258119307321 
3.097479571320499 2.0 0.7416826758176204 
11.092502251699148 2.0 1.0 
10.661990394087477 2.0 0.0 
3.0944312117022013 2.177325136937143 0.08780764790874829 
10.27066471404395 2.0 0.6521710171805242 
60.315928091173596 2.881527047051172 0.23580014314152056 
14.345785832528783 2.0 0.5920523010608923 
2.0 2.0 0.7129618335307939 
3.1530098873031043 2.67877559596574 0.6989878610919054 
2.7380500807795585 2.1920249144504824 0.11459693511479224 
9.334228895323532 2.0 0.454372070745649 
4.298075098400929 2.424408538414012 0.003620358680266132 
12.354874357549406 2.0 0.5 
2.9627756876398856 2.2877412228700664 0.0 
4.368475012367971 2.0 0.29849323831707264 
6.03795960244691 2.071224516282913 0.0 
2.0 2.0 0.7390966537898036 
26.42638943768865 6.034889796886228 1.0 
2.0 2.151788962606478 0.8470042142120017 
5.178956938276018 2.0 0.0 
2.0 2.0 0.7584801817534935 
6.0597225941375905 2.2696288846881867 0.2116922513175887 
2.2240572729899015 3.0087558786936013 0.867142948328254 
2.0 2.0 0.9182192962242663 
7.85527580915584 2.0 0.37128341212096394 
2.770921594018328 2.240985982807593 0.33449788461268287 
23.400672399316548 2.0 1.0 
3.962733302846133 2.4694906770011267 0.7987466591466319 
2.6106341248136666 2.230533350087208 0.45551381209343583 
6.994431828447415 2.0 0.2521521328858481 
18.231182460896957 2.1371104458578394 0.4527454606962748 
39.57038149332756 3.7031632453781516 0.06678962034875646 
2.4022349258432265 2.3447099921916426 0.01906917931301505 
14.21492245967672 2.0 1.0 
5.859442390251382 2.0203779155803323 0.7930005843954118 
3.070597145071155 2.0 0.7126847304122312 
2.0 3.1339248958265307 0.05431126008712511 
3.756333564225637 2.009273468414271 0.8574675639035365 
2.86641773158047 2.7795453069304807 0.7957425732056972 
15.066952138948277 2.1197336590552402 0.4973316682770017 
10.774586804722983 2.007330396440315 0.9235311884740716 
3.6909876907723196 2.402976400228737 0.8187126095969027 
5.359872826013671 2.270819414399864 0.1993701570414146 
7.258116421285697 2.502191307131259 0.0 
3.398613933443394 2.0788567558456044 0.19184768869037988 
16.541756603842956 2.0 0.7563104416791565 
10.797175677800439 2.0769639997056 0.31043574749887337 
5.770904016145375 2.142378865955601 0.671024941126795 
2.0 2.5190730306759 0.08785005783414046 
19.958944268845812 2.567818119725015 0.0 
18.330904233019144 2.0409118552533885 0.8274512788059396 
5.649977264513987 2.0 0.8934366761026429 
11.425485139054041 3.3641233920053764 0.0 
4.300476559835872 3.130586332416901 0.41652552168831963 
24.036595307009282 3.298881711761039 0.0 
2.6692474013434824 2.6703774618553133 0.5796010966295768 
12.782636857135618 3.136208096981388 0.0 
3.3370832483929744 3.110098504552737 0.781466856570392 
12.556442593391276 2.0 0.9272040785137744 
4.5130851238008844 2.5768993370068722 0.908010136916642 
