27.22306946933368 5.95 0.6466175099224506 
14.82233005898074 2.3481429499076754 0.5201375838368741 
51.74541944146381 2.541366322735761 0.12436308423214781 
10.772082880849359 2.0 0.32600639619740085 
2.0 2.0 0.0 
2.0 3.4278215339458957 0.045007631152543415 
12.305025520225428 2.0 0.5 
2.0 2.0 0.7131505551260131 
2.0 2.0 0.7494139117722722 
2.0 2.0 0.018250985753102744 
11.080172285522352 2.362700789653065 0.9626988552840146 
2.0 3.2602177404362838 0.10838733132389322 
5.566945513775833 2.050858162261031 0.17707069219286153 
4.202585199706382 2.0 0.8881541398050442 
37.81966413357888 4.287111118934088 0.5 
11.15570375626747 2.1528091797414852 0.0 
18.365204336968453 2.0 0.6316936982544217 
5.829728159483386 2.0 0.0 
2.0 2.0 0.9314761549399422 
2.6170821911257907 2.002411097135611 0.14949266277312168 
6.8278597827778995 2.0 0.0 
6.64395996276594 2.0 0.18664278594899683 
10.240419581530178 2.1664924972940653 0.642871242662658 
3.0306777787018353 2.5174515896452654 0.7671392489856704 
5.077498975707971 2.0 0.0 
10.665705995478255 2.4935095942574566 0.9016067462454033 
13.668192781541961 2.0118742483393315 0.532563116331449 
6.054426543924072 2.016590753714561 0.7485081413375576 
10.807931202420546 3.0051991904339057 0.0 
4.430243320257928 2.0305458135998733 0.8292227745942367 
4.316799237811159 3.1879563787311165 0.4444834698810963 
12.836429799681323 3.3162833740328197 0.0 
3.1536582847427725 2.44627522340994 0.7058411127385148 
13.433730411888076 2.0 0.9407023209087054 
3.0170280963792973 2.0 0.0 
3.0420969953285484 2.0 0.8425132376255021 
2.0 2.0 0.8323780005625425 
17.964569441141208 2.320656305953025 0.7160873304633079 
2.0 2.6539182482743175 0.8896174347146619 
5.281469357498191 2.229696602834094 0.22234737945311592 
23.79676608501207 2.008831668910208 0.8909096693254741 
5.665128843383301 2.0 0.6781561165112435 
3.3696177040543516 2.1992655111183863 0.7392761025864903 
8.737985496274549 2.4560604339366545 0.48870699634471726 
6.305807716005649 2.24637530211188 0.8371148184253652 
4.353722299644588 2.006906695710145 0.01782825436660016 
17.288941996677586 2.324351824245549 0.6596699433126046 
3.1649847248082166 2.1253180528787325 0.33711481842536517 
7.741038931860781 2.0 0.33859487641331354 
2.0 3.190979361515285 0.8463119768061014 
7.308542748707515 2.6071219291882137 0.0 
13.663919252487908 2.052496326110413 0.9879374038505107 
2.0 2.000429929364964 0.769100428104575 
3.577093553011109 2.165323229638207 0.2599882104997212 
3.453677947269183 2.149447429711627 0.19762637118195636 
4.018979906577289 2.0744157590758205 0.7862134486306337 
2.6795358891958685 3.2443871815155765 0.6487088835360657 
2.8988426070446267 2.0 0.7983012574737358 
2.727176423494212 2.591349630468405 0.5763067648213818 
2.8010809594610366 2.0257650054355882 0.4748013216773386 
3.0588033893635282 2.0398307820736257 0.07714368737934217 
5.882758715923183 2.4432863357138945 0.954941356114086 
