2.0 2.8318895510136297 1.0 
43.37907176273859 2.83806953204404 0.76002797677277 
5.477088451379346 2.723379593183301 0.6091772048374675 
2.0 3.602837955359874 0.39167417518380565 
2.0 2.515176344442219 0.6103111385801954 
6.258889262980537 3.115567944339706 0.7068298364898653 
24.262806596924726 3.033974493318433 0.5614261235823619 
2.0 2.8263833133312413 0.38009485850242575 
4.69176826666088 2.796930540042901 0.7039140764034455 
9.932689122512652 2.878426143228018 0.6529304051550878 
2.0 3.004685988657167 0.5360968522666584 
7.794506440017407 2.679077286374514 0.9960128438124214 
2.002543581200748 4.149929322187832 0.28569720482365135 
8.05 2.5732789989602045 0.48813350670436184 
2.0 2.693681551613477 0.9150431639165202 
2.0 2.0 0.0469259020065082 
2.0 5.95 0.0 
16.252604747510787 2.530420178209977 0.4457646144432509 
2.0 3.6313545596918755 0.5756227195895235 
2.3149577770429772 3.8055939800168743 0.7511410113669021 
2.0 3.4915551229507797 0.2876743733530306 
12.194506264553944 2.838355612187512 0.14522747146390952 
2.9714887594911947 2.055826098602462 0.0 
2.0 4.143757447471071 0.6452274714639095 
2.0 2.0 0.0 
2.0 9.857065768402542 0.0 
2.0 3.85995772024774 0.55 
2.0 2.9135532855350323 0.6603886148957112 
2.0 5.9585055186883995 0.04066561554579473 
25.776276743456172 2.0 0.0 
3.023637705210919 3.3340245359725778 0.9467238832798011 
36.13634167745194 3.5004071963339856 0.5 
2.0 5.0786276421676115 0.24190251601828378 
2.0 8.602266170982393 0.0 
2.0016039412871898 4.863784631164557 0.2743576651495715 
7.9857924231188155 2.9677870212749147 0.08888595187195832 
2.605 4.002543527092594 0.5299533531071019 
5.4830909947454645 3.1409207096460965 0.4913571544009432 
2.8568725889395936 3.2351115328683067 0.9941451615594854 
2.0 2.9219694578135185 3.254777287826608E-5 
2.343201325284484 3.8216141613165058 0.8073991300718875 
4.827237638759146 2.246657491803012 0.0 
3.582632539511218 2.0 0.0 
11.306086452369641 2.0 0.0 
10.996339464312843 2.9930270539503496 0.0 
2.2913551256270663 3.866899341991707 0.7775690252806915 
5.891856527422095 2.9003805275667145 0.0 
2.129623992501335 3.3838859657222717 0.24653495591183205 
3.714891251572791 2.800055939797122 0.2604030887905137 
4.212506427501189 2.0 2.8142927229611174E-4 
2.0 3.0500843310196943 0.16714593152287216 
2.989566457349663 2.4369772292288525 0.0885520046686821 
12.329674235513082 2.9882308765307064 0.7450432558760808 
2.8322105923947873 2.795788903944731 0.860137991063719 
9.3587164391661 2.8491111268351057 0.0 
2.9232242740334344 3.272763827846615 0.2111661085617919 
2.7133228191997234 2.999487123074067 0.6778518700081938 
2.8275637459064216 4.060321063647106 0.2854939655002719 
5.891886345575225 2.790641401201909 0.9032626133582434 
