40.43951654566903 4.293130576554458 0.2901182584338503 
2.0 6.36484704617293 0.0 
2.0 4.047523664378121 0.3841593264077505 
2.0 4.0282129360981695 0.8116331029655421 
2.0 2.0 0.0 
49.15406437402771 2.5978205321586865 0.28237984823243706 
2.0 9.827733534358178 0.0 
2.0 3.861405139927646 0.6108035240329448 
2.4743304363466465 3.028853745897787 0.03566064706284984 
2.0 9.329431837798737 0.0 
3.727558958951641 2.0 0.04173923913223193 
2.0 4.019868987716987 0.7543322936056929 
2.0 2.0 0.013764047073636432 
2.0 3.471609182682556 0.18117717773148145 
3.163977801111837 2.0 0.0 
2.3054580562928737 7.117536077413432 0.0 
7.851378120925077 3.3965344078922217 0.04973808964471867 
2.0 2.961661346401379 0.37688928484591777 
2.0327805889241715 3.9247066047668513 0.5984184417670905 
4.366910309858333 2.0 0.0 
2.0 3.2493006622251692 0.6293220409433472 
24.423744304211894 3.1771563757585053 0.2009310181850943 
2.0700023109597634 2.7179995569188247 0.2482861866659989 
5.05595688681174 2.0 0.0 
11.530272961601113 2.712356853919576 0.3342666146031687 
2.0 4.349121232875391 0.7009310181850943 
2.0 4.168456378183308 0.7892213608561129 
3.167617295963928 3.8407229650340113 0.5517709083370944 
5.182293249184369 3.025961428145319 0.48786263727636525 
4.565557851965173 3.4155170608129337 0.7032781812879142 
2.0 2.5569734684166407 0.9242795458744104 
2.0179364885690023 6.417788882472452 0.06460578790214383 
2.7772161412475307 3.460017818284663 0.9787770771987936 
2.0 2.7430342143929765 0.28883355695334956 
2.0 3.2732468960421777 1.0 
2.0 3.554003358440857 0.26657565223955193 
2.389284407172233 4.744106700063617 0.2557703246934466 
6.359218610899772 3.040676774854512 0.0 
3.0167666086023712 4.36639542632675 0.23523702866895957 
4.0841390328616605 3.0299292142329293 0.1966707074825615 
2.4371233251699334 3.2991655098908734 0.6580513420316247 
10.253408676339058 3.4926920311292675 0.7151078171183595 
2.0179097893069557 3.08308967347817 0.5336216765333197 
8.040901917574901 2.772257167749719 1.0 
17.799988946021237 4.0832292054568615 0.47300203101595845 
11.193003200280202 2.0 0.0 
7.8371336707227535 3.2637809357989336 0.5 
2.878296877240852 3.448598905466041 0.8906963795338465 
3.0701093972600253 3.462403348849314 0.9262820815226869 
4.545266426642603 3.0793178838739332 0.6090844677567688 
2.5026173225565125 2.0 0.09629443027209192 
2.0 4.313353718899417 0.5169477947229251 
26.771633181815062 2.0 0.0 
8.944737971742123 3.048228258038145 0.0 
3.4437351622808627 2.5112162068063544 0.6820939694355391 
