2.0 2.0 0.5255109113138827 
39.30440620491772 2.0 0.0 
2.0 2.0 0.7222603744155073 
14.383170313024948 2.0 1.0 
32.16103515532177 2.0 0.5509481552230162 
2.0 2.0 0.24744729460678255 
6.227879150142035 2.0 0.0 
2.0 2.0 1.0 
4.7849686706526295 2.0 0.2702558455299713 
2.0 2.0 0.0 
7.050967432950964 2.0 0.4741813293742873 
2.0 2.0 0.17090588874832524 
2.0 2.0 0.702794391486733 
2.0 2.1980697670452187 0.9529292389909745 
7.114847201957045 2.0 0.588321316302411 
2.0 3.558560410007268 0.22804544846226696 
12.731433246116433 2.0 0.5 
19.9923538751107 2.0 1.0 
2.0 2.0 0.30618627681142363 
2.0 2.0 0.1915566698932939 
9.612010348415502 2.0105590144931154 0.0 
2.8185272967106565 2.177297188267938 0.880289541270387 
5.756673722603066 2.214800385796314 0.9727650947482358 
3.7782098396666157 2.0223175253874586 0.3847156148299311 
4.101560040861493 2.0 0.0 
2.4301797970162777 2.802729486634258 0.3308240644825279 
2.0 2.0 0.0381201609611469 
5.175233165118581 2.219116982432624 0.9708848607197665 
3.306546856256766 2.044099658261192 0.7965899402846542 
12.754925256544746 2.0 0.9204611215440925 
2.0 2.0 0.8685871418293665 
9.852606161191208 2.012203744634489 0.5566210445261405 
6.4248744219474085 2.9807836464895527 0.0 
9.19441834494441 2.087323685514854 0.9795822329430359 
2.0 2.0 0.4486279514878023 
7.311845796053014 2.3638732933222775 1.0 
19.134315287137543 2.103966135124379 0.5102766021203622 
25.884970134146485 2.246884645851526 0.6808640389891543 
6.203834008822655 2.0 0.3980744541834571 
3.1775221725372993 2.395897331993807 0.4437552219940366 
4.702280010691907 2.0 0.0 
3.281487473528526 2.1165046323292485 0.6309284458310414 
10.63178621541729 2.30005045847591 0.3228122945189901 
18.59566973450493 3.4111692975249674 0.0 
17.184873981475434 2.002626517415618 0.7601694327061072 
12.03406159644095 2.173264737936239 0.9996821258167494 
10.337499052935403 2.079413191781967 0.44752554416990686 
7.221355496981019 2.2451358165764215 0.7909547597961946 
3.3942704876919008 2.1277524978307962 0.5392971038097142 
3.086682407242847 2.0 0.5 
7.67830226265492 2.275194002184244 0.5 
7.532194970370269 2.0 0.6308818576479707 
6.7830550730769215 2.0 0.0 
2.5096754610949654 2.251111353556383 0.5974963090017604 
4.557294035404387 2.6585382603506202 0.019387003797651653 
3.1594025337796463 2.262971943001247 0.7433550789551766 
13.408866994403379 2.3397547863057264 0.0 
2.8445107473190037 2.000811181963476 0.20199160581655623 
2.6695609520044874 2.0 0.0 
4.239067324518823 2.0 0.34230695381353216 
5.111470732985914 2.130373620963708 0.8171762788858907 
2.93275720500358 2.006311108872797 0.3608313725002832 
4.4779102999633835 2.0 0.25879981831631815 
2.1713775363026553 2.588578154176071 0.02393481607121581 
3.093206787854999 4.7433323044074465 0.14338394537248378 
8.175595689957571 2.0108823331957244 0.3600965587297202 
7.512658942457019 2.0 0.7916148065879118 
4.74344154119724 2.0 0.7386615093428185 
2.6664244243747808 2.0 0.3162531606123934 
6.639372816071445 2.0 0.24073905291911096 
10.811870421644699 2.1791072448414006 0.0 
3.5809618894882314 2.0 0.20190127225571158 
4.218850904210207 2.0 0.5559982472676075 
4.335980436053565 2.2284177408842014 1.0 
2.0707649263170467 2.0 0.5309117685992502 
4.547888162172637 2.0 0.2332837452878248 
2.6019509874681983 2.5003231965184645 0.29296442737248735 
3.217608412435508 2.0 0.11888221989120619 
4.678783808581355 2.0 0.36165412111919704 
19.40741631634512 2.0 1.0 
9.216847312731817 2.1811399101963964 0.3962958161628053 
7.743036026385372 3.2728848229599743 0.0 
2.0 2.7860088575117183 0.15903226473069076 
7.655154895525971 2.344466193694103 0.9035895420285658 
9.559982754962961 2.4910868715473806 0.893236960950131 
14.621550545527196 2.0 0.9033092146252699 
7.04402361669429 2.0 0.952869165508566 
4.507397415837938 2.3156784049770605 0.4468706316467822 
6.343994217454749 2.2275444142872995 0.6137347316352938 
11.286406460975723 2.682619802400115 0.0 
6.226886842866301 2.0 0.9185357349682847 
10.371520486807231 2.707478298183755 0.0 
9.003608308025665 3.0403567292332374 0.0 
3.96830727005493 3.139786966535841 0.2845268549648539 
13.354484908036623 3.081253259863074 0.0 
2.0 7.353971861910798 0.09836573279511908 
2.7732412590602333 2.9729027389182683 0.06106534045791567 
17.731179979120757 2.134260706435336 0.0 
2.7036391001269005 2.003690160344118 0.9460745795268933 
3.4943745093951204 4.017233883285429 0.20246153159860159 
