2.0 2.0 0.0 
7.283553922912049 2.0 0.0 
2.0 2.0 0.014896785997284834 
6.219930790550755 2.0 0.0 
25.238793481232214 5.95 0.3907147088224019 
2.0 2.0 0.735736118269308 
4.301663357542548 2.0156670539950974 0.7811273687586074 
2.0 2.0 0.849568415774917 
3.488999518174248 2.156708866263422 0.10516646275912339 
2.7413291428048168 2.017770119732545 0.69751537540762 
4.172711478628508 2.3700800389741126 0.8355831317934439 
3.660880326724785 2.0 0.021124543854574598 
2.0 2.0 0.7236808077396213 
4.460449030381403 2.0 0.877515144075007 
2.5826417785082256 2.686438617637246 0.6347567787816444 
2.0 2.1734039816024566 0.9227104174401294 
2.840163757253297 2.0092874400711263 0.7279700884270782 
3.1961016543792113 2.0 0.3084117617460287 
5.895758982088998 2.0 0.8759518558327904 
2.1815132143257774 3.2710179619856032 0.0324091367908111 
3.3913208890325954 2.0 0.0 
2.0 3.472418490947642 0.8869979136322741 
7.77591061929774 2.010701225080207 0.3215250312206507 
5.904177441446 2.0 0.9076653720857583 
10.67158253576274 2.0 0.8806817598526172 
2.6401962591129293 2.7927697667763063 0.7842632018212179 
5.8643273370111215 2.0188738845041563 0.7479642680021555 
16.569978511888184 2.0 0.7647541036998982 
3.2504765936672837 3.3865072275106236 0.6004446132467739 
11.682905410257256 2.0 0.5 
10.717891961217491 2.1024655009318542 0.9685306907214024 
38.91329673745641 3.7167776700623714 0.13767062353966097 
3.04459019019709 2.007884854018924 0.8210081320855305 
5.47153776516381 2.0 0.0 
56.43392127406591 3.0411889415438793 0.12118903410389842 
5.735648349514337 2.1229113925954484 0.19354355654802055 
2.9674213133188303 2.3397446799021617 0.14334872882060828 
3.226712339801095 2.4160676868474216 0.45641012575443385 
3.0418891672641344 2.3805839542080545 0.20246593579019612 
8.672267190955303 2.329090209284889 0.4808644869597752 
13.811889024358663 2.0 1.0 
11.261491295517603 2.0 0.0 
5.501857099392092 2.0 0.7348773206755077 
2.202887471570192 2.2235926230145875 0.757698975165007 
11.235319317677103 2.2848910188889997 0.360942309391984 
17.539969548120396 2.0 0.6761540570596092 
4.002911196347625 2.577511851774573 0.4302909194965922 
5.476259169071443 2.0 0.2328563213680016 
15.455889734769958 2.0 0.5416475873530636 
4.227505850360636 2.275956077615378 0.2605368645062422 
6.525344205527106 2.0 0.1763999841485301 
17.71982861505284 2.0 0.6126341998673067 
2.0 3.3899561641956 0.08217493517692276 
13.742393193670399 2.086459426200844 0.5578751649017663 
10.457163118598107 2.0 0.6433590473314023 
16.046123904616234 3.3962997465000697 0.0 
13.409535425321314 2.1539961933789376 0.9007977154215475 
5.016488277629547 3.151384952564493 0.8644728924119762 
3.02678139077251 2.921895764832922 0.7085325854262036 
3.4602757696102824 11.853078420043655 0.0 
3.4374307741481416 3.113903236390395 0.8213018770360829 
6.683699481779902 3.0280702867895304 0.0 
22.587726774168594 2.0022477461837282 1.0 
10.790967749287201 3.127319437984529 0.0 
