5.852514837856926 2.0 0.3869278378148141 
2.0 2.0 0.451039281437813 
2.0 2.0 0.0 
2.0 2.0 0.04450399993075066 
13.462414638373488 2.0 0.5291117930103362 
2.0 2.0 1.0 
10.03995671582895 2.0 0.9056954275340812 
5.54636562821716 2.0 0.9766547156506606 
7.017419834017815 2.0 0.5099466352191591 
5.171929087091797 2.0 0.9703540837655704 
7.165911860975482 2.0 0.0 
14.337600783660598 2.0 1.0 
10.447095213153471 2.364235429110719 0.0 
4.125930497988492 2.0 0.566622698393131 
5.390123537878061 2.0010567357120754 0.2927516775347214 
18.65320781322264 2.0 0.5418007971160304 
10.77671697200019 2.4433102872930985 0.0 
2.0 3.4420406558754397 0.006043595965456339 
4.832470788854241 2.3114109511981757 0.0 
2.0 2.0121941050207117 0.9542831783793355 
11.774409525214963 2.113967046185307 0.9189088640035492 
14.578782527642222 2.0 0.7787968737176184 
3.469792502042937 2.0 0.0 
2.0 2.0 0.5427657422301269 
34.99838997895375 2.0090030309775737 0.3928425768803226 
2.0 2.0 0.3096906166109723 
2.0 2.0 0.2508684205552435 
6.330408627179211 2.0 0.0 
3.9599197120029554 2.424051470556033 0.3076660871871869 
3.076446808496729 2.0300835547459513 0.30181308726088624 
18.608681497335475 3.001754780776146 0.0 
13.0914496234347 2.0269340795482576 0.9013205681181765 
3.947526598486326 2.0 0.9705417210116541 
7.913214095652009 2.643221676194706 0.0 
2.0 2.0 0.7197771197002085 
2.413680735432964 2.1333553851670013 0.1992687121484651 
2.6334838694845635 2.133553189452102 0.898404235879511 
2.8039231812844667 2.061777128378205 0.5156152508388571 
2.0 2.2049469614275816 0.8629017311905717 
4.449120324853416 2.0 0.0 
7.265797667645996 2.0 0.9557619745078765 
5.890387980183318 2.048766372590816 0.6385437020603828 
2.935829714427049 2.1331436629647924 0.9459610784455792 
2.9691230375954554 2.1252956830977583 0.5636905407841306 
3.285383222807294 2.0 0.570219312368893 
7.051971115776677 2.0 0.5463354604305318 
5.246981119200818 2.4859447139480153 0.7320191203498987 
31.231492717817865 2.2413309972715427 0.65696918395016 
9.206817669481556 2.0 1.0 
2.0 2.0 0.1579467642051754 
2.449600707424297 2.0 0.5230308342732111 
35.97203123463731 2.000369461247955 0.0 
4.771837680021832 2.2998359109757622 0.8253203903156755 
2.988194204042565 2.0108781593797898 0.437716787744134 
8.265615128513337 2.241847443535531 0.5 
16.724595269977442 2.0 0.7018155576070202 
3.233487260320288 2.001371427940079 0.13431364802025425 
7.727078939356042 2.0 0.6180610258105068 
4.711756033735234 2.000005564642821 0.47988096808385416 
27.40324454981333 2.0167200081626953 0.6262939105384832 
3.0792309823094444 2.485683536602912 0.3484051394522711 
4.621462048838488 2.000201310375639 0.22494832870968637 
8.426207620429077 2.1527380185078653 0.7167983115041099 
7.245400430987078 2.0 0.21290478032251592 
3.379936502929781 2.0 0.6341614350943764 
10.338161155038897 2.0001134803704397 0.4615619674432962 
5.788120168633079 2.7829430865937965 0.0 
4.994162252871044 2.070404757372104 0.35663067412933847 
3.9154092270907506 2.209628793109401 0.21761436966393588 
9.192697230617584 2.0445240291506295 0.37780309600371975 
4.043288246373564 2.0 0.36816327834784335 
9.982515105443348 2.4491841827127416 0.5669840364272843 
8.307039411533745 2.0054195745219845 0.32424747493970146 
2.952358941720438 2.1224291666004143 0.22229737357140428 
8.317953059104841 2.0319549169781124 0.834070103542381 
3.372545779795567 2.0277822753191552 0.7474999054402662 
8.754771802274568 2.1699384886459137 0.7015630254099061 
19.353965175902488 2.0 1.0 
2.0 3.4822842281890964 0.3022457013792515 
7.2233225701719235 2.007546566943745 0.9238323214524732 
4.316367628129013 2.090604478937347 0.2539912450076528 
6.939041199455936 2.02997931989351 0.8183447295689296 
12.61466370463908 2.5721722899224444 0.0 
5.622433335985166 2.0040896495788316 0.9546392724857575 
18.344486490826043 2.0 0.0 
11.122333442454277 2.0 0.3553678007566416 
19.907077350783723 2.0 1.0 
8.885804130870898 2.5274499309094796 0.0 
10.6962711174785 3.1203885749318223 0.0 
13.178121842671569 2.0 0.0 
9.974803527901308 3.3276760929981686 0.0 
3.677515066391561 2.8400588730307437 0.21912794070155373 
2.0 7.3277520184625855 0.12700379557198416 
2.7183069016646595 5.14152436212492 0.15022480807306546 
4.484580688656262 2.5237984390250903 0.2312679967801926 
2.0864540828565423 2.6692071909763695 0.07636385928180564 
2.0 9.003974992635426 0.22240262776015984 
3.489607970142682 2.9431463505083726 0.3119989561818814 
2.884344864918072 2.783614267212007 0.07541713420788926 
