41.26568456161131 3.9501223883216987 0.9724420882251412 
11.846139700143777 3.413365177194583 0.8624808412753533 
5.4788739178016606 3.45979037990422 0.5819623442607369 
24.636857452071233 2.0 0.0 
2.0 3.095172017084085 0.6192434189772383 
11.582290933707302 2.935803009567954 0.33214266370321927 
2.0 3.0725942380773805 0.9931266634305943 
2.0 2.801543936267349 0.28516423905128874 
5.23440272391808 3.285201316312255 0.5 
2.9080057150206837 3.1332056443008365 0.9484247561581954 
2.0 4.198854978864471 0.7997006651965475 
23.82776531918658 3.2351764804216896 0.5197948465504931 
2.0 2.3585500996298476 0.0 
8.41771003417433 3.263554411490366 0.9067464582821149 
2.0 3.3806837949764703 0.55 
8.050874446518062 3.432546093199696 0.24176508753771586 
2.0 5.019885475515384 0.29724560016874557 
2.0 3.27846216450489 0.25005331554033705 
2.0 3.6252350061252567 0.5324102974795418 
2.0 3.053212276382022 0.6397947826374519 
2.0 3.3104155620408697 0.18167738302099623 
2.0 3.890278851343892 0.6212524132494717 
2.0 2.188467797799185 0.0176522891768093 
6.232247214750963 3.4073567134637592 0.691942667555338 
2.0 3.6597077640898004 0.2848841506602737 
2.040740384184211 4.350919290696688 0.8188516354404847 
4.047074732725934 2.23015702853788 0.09855317514276615 
4.436710227452483 2.0 0.0 
2.5443494739110033 2.0 0.0 
5.089431645311732 2.0 0.0 
2.0 6.143563258439141 0.10503604786366737 
3.3588222942851504 3.008681414356958 1.0 
9.649673271176136 3.1077330302397375 0.6653784069542197 
2.0 9.597439054494657 0.0 
2.054634417629246 3.5073375721436353 0.3565414801037578 
2.0 2.7787445090287664 0.9167249230116715 
2.0 5.553987729657663 0.0 
2.0 9.144322380273394 0.0 
2.0 3.852618313720243 0.5783928379672398 
11.178735983914166 2.0 0.0 
3.391112248786735 2.1452227394463046 0.10117449696648056 
2.3176683626207932 2.9984644600003016 0.01661095158373216 
4.753329520608217 2.777706003136932 0.712765189442174 
16.211735418052363 3.2766725466612288 0.5755867316959833 
2.0 6.534541950077461 0.0 
4.057370823398177 2.6316018351190813 0.19966697795599125 
3.433000620335651 3.913067737330106 0.2828723454036409 
2.071985872324737 3.862312551619721 0.7165670116984869 
2.7671661588420315 3.0024745117317186 0.6769974484874488 
3.0353068319956127 3.4230261018686425 0.8419516615328919 
7.729520441129612 3.3426927016182546 0.5563017282947612 
8.644851814125044 3.107966712179239 0.0 
46.44797403656344 2.687272099291219 0.14746238714045592 
3.1527305775952152 4.117162889696193 0.5841284924901705 
5.787822654570377 2.7994317390761903 0.0 
2.023486286778139 3.0516719745405507 0.40023342183104205 
