27.249071866427382 2.0 0.0 
39.39065646026776 4.230319997800002 0.8533772567389203 
2.0 10.072113953991119 0.0 
2.523147454568023 2.0 0.0 
2.0 2.0 0.0 
23.10085797381643 2.9829367348370575 0.5 
42.48157412146171 2.7209550809857355 0.18168353776726556 
2.0 6.319027933279937 0.0 
5.887528777732339 2.8547189265482102 0.9561683901286349 
2.1244802874118665 3.4700126691259188 0.6442786201634079 
2.0 3.651771615961272 0.3007554255714127 
2.0624629385576485 5.591265655650327 0.049867041851211796 
2.2958862064555934 2.0 2.6744620313203844E-4 
2.0 3.47834996998711 0.2895938897951531 
2.0 3.152106951667594 1.0 
4.669114540186723 2.892988450042809 0.5 
9.318474217858348 3.0796887714417185 0.0 
2.0 3.5261455842405707 0.5693663201052327 
2.0 3.4526672124316895 0.1848870742678273 
3.9137369287861254 2.277581360195125 0.0 
4.157454602608805 2.323604848288298 0.00435820134411169 
2.0 9.415869880771199 0.0 
16.092457799531388 3.329336515007604 0.15296242609597713 
2.0 3.4973336507695985 0.5528983052815151 
9.516898736477806 2.709151668351465 0.6701507945053913 
5.303377165064693 2.257866630682881 0.0 
2.0 3.7031200081253184 0.6167428061401806 
2.0 2.8400761854478964 0.006637039835786784 
11.578804523242624 2.807930731024674 0.33309954690151367 
2.141592788576072 4.310424082430615 0.5443335700023907 
8.315846914443966 2.78950452429041 0.0021365379559149583 
2.096416604461965 3.3057435077529056 0.39551154781876413 
10.725994203480818 2.0 0.0 
5.094970925996488 3.459352561097707 0.6988453697514405 
2.0 4.137480502884224 0.7836502380876733 
2.2340169264520453 2.5543882623446503 0.6071949852452792 
3.042130803802733 3.2296900638172223 1.0 
2.000191030460381 3.379046403614883 0.2310074826621757 
6.112616501162391 2.9029752894844942 0.0 
4.346800698374033 3.236524818220549 0.18873133144951998 
2.924089282319141 2.7031040729414877 0.9488413724486864 
2.126359652125455 3.6780548639760604 0.39511922779080166 
8.05 2.6807616756146255 0.5 
2.5820746609955725 2.128311012783585 0.08441026791410727 
3.146206287850841 3.6939287390772746 0.2839515777926279 
2.0036446352385546 4.101064967773309 0.8116278845135287 
2.0 4.721528709176688 0.30980021874610386 
2.8535943581984355 4.17681543254781 0.5398397414842768 
11.662573430372674 3.3511524745991847 0.8612192859591289 
8.204942096430695 3.4892912498763997 1.0 
2.0 3.278015737955604 0.9297774151522074 
11.355228218553627 2.874749861776534 0.0 
4.697610813327692 2.867499873213803 0.6309897731820749 
5.645297468527762 2.6162480845981615 0.7352178544280934 
3.1458161872848454 3.4237778260135387 0.7192333878737462 
2.0 3.598074129291442 0.7513948567417548 
