26.98100568542749 6.414115044291861 0.3085079561549654 
36.53891850420034 4.113976058699796 0.6562860179705623 
6.15923963537621 2.0 0.7204230282758666 
50.58240635194156 3.334208453911604 0.1281506336929002 
6.304409798685221 2.0 0.7624216666898507 
2.0 2.0 0.7762106565351576 
6.950309103413446 2.0 0.2582862870276043 
5.113950964886216 2.0 0.1969640787818484 
5.223502958361831 2.6640182403300443 0.8405334417925133 
2.0 2.0 0.0 
17.044616580243066 2.1050054848311754 0.625055038334078 
13.720573510134203 2.0 0.5624851934609678 
2.0 2.0 0.9107711814723258 
2.6712787329564893 2.527868151658513 0.6178734566850972 
2.0 2.011599876128109 0.8725809733209262 
6.274355331419429 2.0 0.822040177615639 
2.0 2.0 0.8359410680025238 
2.0 2.9832410998984185 0.08773194461950234 
11.48353395837429 2.0 0.31057010622909925 
11.465416988436772 2.2116298782735746 0.95 
13.574457700004217 2.0 0.981928686432608 
10.22317244449389 2.1687558200640957 0.6843601354499462 
2.0 2.0 0.0015691437138656283 
13.135008528473412 2.0 0.8570209693822683 
8.513551416328596 2.0 0.47196493612872636 
2.0 2.9412837818427824 0.8886109090812422 
4.450991696869949 2.4290804451052557 0.7662454020977707 
2.0 2.0 0.7298730412981486 
10.66133549905755 2.3988815290558865 0.0 
19.694460824506596 2.913342272989216 0.0 
3.0647316112255405 3.0109350603631806 0.5990863794689345 
3.6489558037625716 2.063447777453053 0.8469538669222211 
3.1314749392429357 2.004783052680193 0.19818734024110002 
3.305095457371201 2.03159102234112 0.0 
2.0 3.025105072328651 0.025354006799269677 
18.19495936487092 2.0572951777694426 0.8288522359049418 
8.784932639748787 2.345513455277815 0.9333462978872125 
5.549354338841832 2.0 0.0 
11.927803649967052 2.1169106183365756 0.5278221136106809 
17.76016569171032 2.3029562447463605 0.5 
3.8978670159284716 2.0 0.04519586430552203 
5.866897076056234 2.0670394556295313 0.17979949854084987 
3.2831068099371503 2.033812276038337 0.4877709609835562 
14.574803665271071 2.0000442626382524 0.5 
3.3502210884782118 2.769047414260929 0.6839570205680585 
24.15283180814774 2.288903613861943 0.93395912328097 
2.0 2.0 0.7509656313315818 
3.463900976245438 2.0 0.1397668771374601 
5.270187478085145 2.3908469593834423 0.0 
3.007945590349186 2.233082662271731 0.6980861810700014 
3.104391109766656 3.153546694560583 0.7593365180482361 
3.440024017494543 2.2058944124925657 0.3120979782944308 
8.00602320491541 2.0376239117457335 0.3898270369364339 
23.43579431281279 2.5881741888169145 0.0 
11.365745841327985 2.0 1.0 
3.24370481925499 2.0 0.099728510437389 
6.595883233369878 2.1367400781330463 0.0 
3.397572938769491 3.3269090554350917 0.8395052410828733 
2.9625002279030346 2.0 0.7375953703299912 
6.118019365692631 2.0 0.9145009310653931 
12.948423864114378 2.7749109483022214 0.0 
12.289571216227193 3.0054342729326633 0.0 
6.798346478705865 2.5932085148528428 0.0 
3.144703592070465 2.003365583265225 0.7982821174603212 
3.5272764002548236 2.1956688293714577 0.30144813757787975 
4.154687827147366 2.5999707767471016 0.3854218953361327 
