2.0 2.0 0.0 
2.0 2.0 0.041137960127642814 
26.617507574990814 2.0 0.0 
2.0 9.436037427778132 0.0 
3.7693640271746602 2.0 0.0 
2.0 9.538008821265834 0.0 
2.0 2.702471301993512 0.01424935554580082 
2.0 6.210993244264859 0.0 
4.56449939886122 2.0 0.0 
3.4987611764413415 2.0 0.0 
3.165101241847136 4.101722160287707 0.27835196702191456 
7.765552844606012 2.7615519060369893 0.2239309186826567 
2.1973959858879923 2.8450933284493556 0.5327995249436662 
3.4295474844529084 4.254499501962449 0.5403446357994608 
4.308991145339595 3.471106447791714 0.19738783626907114 
5.156923855253895 2.5992052951950826 0.46840397113821797 
2.0 3.564096383459041 0.5365065790220612 
5.749240060933549 2.565929269465454 0.0 
2.0 2.660410034506519 0.23556670317194267 
2.0 3.741583298792714 0.5807476977018032 
3.717053293693441 2.0 1.3095840415061686E-4 
2.454747298186068 6.022257993460194 0.016662282969020142 
8.271066785131142 3.330654488389385 1.0 
35.644236482048164 4.481947333150846 0.48609296311893213 
2.004062078555823 3.5014853865711473 0.7795832043458607 
11.37423443839202 2.0 0.0 
2.0 6.56081496224837 0.0 
2.0 3.2492401672015583 0.1719102664150241 
7.667297571124045 3.079702538851344 0.5 
45.23300439222933 2.842049207804047 0.6435208244336263 
22.718267529894963 2.6833207868591646 0.5006777358754304 
12.267427918165293 2.815418744986724 0.04953415549679604 
2.0 3.667810050320096 0.7151586325593804 
2.4226681851447296 4.437658572477863 0.27692562959120526 
2.0 2.799623376810918 0.9524534246716803 
2.5049364468414588 2.932972634514867 0.9462868738529486 
2.0 3.084113941766997 0.6023590534953803 
2.0 2.7328091987856147 1.0 
2.0 3.661497077687112 0.8427727954127324 
2.0 3.6298743921667773 0.6410485738514413 
3.4352524119532255 2.5003822719588964 0.8541723994155717 
3.0568002149379456 2.0 0.08915734397536823 
2.0 3.3270846592256573 0.6537208230137997 
16.442085143525354 2.8439287799772144 0.06860351788957339 
2.5843016389301536 2.780511962326073 0.9692133126767731 
4.935555342924365 3.210453363565759 0.5868982776457874 
2.0 3.7909641945376342 0.3941419548651136 
5.118679024735499 2.880233098010324 0.726038624448428 
2.4507498658515083 4.9665286402797575 0.2744146490434676 
2.0 3.4513721872293393 0.2900501130019719 
2.8008759711127054 2.9297007809526097 0.7031214260907046 
5.989223211212513 3.446096903453263 0.6887630951253672 
12.372310805206258 3.2976167139671837 0.7621960852957037 
