32.18034547131261 2.0 0.7691661182912722 
17.234510015122517 2.0 0.81391354191374 
9.037712049446455 2.0 0.8849406027454442 
2.0 2.0 0.0 
2.0 2.0 0.8620364850186869 
2.0 2.0 1.0 
2.0 2.0 0.23054488031689996 
5.580752759214228 2.023979075159758 0.628328166913647 
2.013920015351691 2.117120421035668 0.11918146823526907 
9.00412856859596 2.0 0.7096561440620537 
25.15508516428191 2.0 0.8974661411112912 
6.617755827398312 2.0012119862298468 1.0 
15.150595833687102 2.0056054811884194 0.8224940060360405 
8.43893675353673 2.0 0.3693200054118188 
2.0 3.0970180092809585 0.028053582841561064 
2.0 2.0 0.020841064376982188 
2.0 2.0 0.5177972898553564 
11.599129616607948 2.0 1.0 
2.0 2.0 0.5435576702191841 
10.287397453166449 2.464557075554626 0.5977612769675973 
4.844172250552056 2.000800106666276 0.4974428486753594 
2.0 2.0 0.9495748231797081 
7.459030546978312 2.0 0.0 
38.37944058951064 2.0 0.0 
2.038816264990821 2.114643004729221 0.4495748231797081 
13.015891302835898 2.4863842474036546 0.5759622190073507 
4.8115803274424245 2.0 0.7068662036785331 
2.6335254719729124 2.2167666829964374 0.6131665149659945 
2.605 2.0 0.43158733111226816 
2.0 2.0 0.18456447425932054 
2.0 2.0 0.7291837069466968 
2.9819568584944873 2.0 0.8142577163893779 
3.6786814561017582 2.0 0.20146909006296154 
9.065194991867715 2.4207494968280088 0.43419705903325134 
13.876810420293989 2.0 1.0 
2.757272744045026 2.0 0.0 
5.705530117511661 2.0 1.0 
19.46472140559959 2.0 0.5581357437674197 
5.571944919488538 2.2074463290455046 0.42838826195165397 
2.3920268462205083 2.0 0.16336341331366722 
9.633001231405249 2.149889964729239 0.4395566324719717 
5.593087460883623 2.0 0.0 
6.73180763236509 2.000376886306705 0.9444591214225716 
5.151006841673008 2.0136491793821927 0.8225766365767221 
20.28694290358397 2.0 0.9895366487664724 
7.918966027476968 2.0 0.8146398121359968 
7.634192649181786 2.0 0.5 
3.3247878853670354 2.0050316564915804 0.735119892652162 
3.50819356726367 2.0 0.0 
3.6000843526063147 2.000002491183262 0.9938188215407957 
4.255485528277141 2.0125634462848265 0.40145153316745935 
3.2282985225951903 2.0 0.5 
3.6250117334324847 2.0070390442681525 0.8558144685441013 
10.229399992024572 2.017473053647634 0.0 
9.115228704764242 2.0 1.0 
9.750502232376633 2.0095976933845368 0.922343956429831 
8.041879006417144 2.2778274837411403 0.6054191843821376 
4.615853725638236 2.106139787357465 0.944970460014791 
19.11476458731802 2.284434485701915 1.0 
13.364158304301524 2.004661536856667 0.8507468603829276 
7.174121321929863 2.218199923136507 0.23396144292950816 
4.012163161572822 2.0 0.18366694889793578 
2.0 3.768634290578872 0.24137828739455805 
6.825699159929358 2.0 0.6027189890663499 
3.134854675900666 2.0834461945817337 0.5777197798089033 
6.772760855689418 2.1852371097983854 0.4639301493640514 
11.365329349173056 2.153728539921555 0.0 
8.200342549745615 2.0 0.7648388928865024 
5.092147760567123 2.0 0.0 
2.7836420019777255 2.323555165772887 0.2031679789337125 
3.4953024869229274 2.075864710743117 0.5340435127999349 
5.199083030400898 2.174665592395613 0.3460812894060866 
12.642205993057765 2.0 0.0 
17.611698583675746 2.0020569295094424 0.0 
6.418442022931971 2.554894072817679 0.0 
4.1093210817602674 2.007959619918384 0.2716021325813729 
19.304537938410498 2.916024253100236 0.0 
3.222665366704525 2.0489747570804235 0.14332853904099835 
5.237956934635086 2.14103177275622 0.289874956466965 
2.9697791674393486 2.625151134540692 0.061145701104159136 
4.8297622053845375 2.4104791364192746 0.23946300710688984 
3.5326205973300455 2.3453043239398457 0.31637861297900965 
3.215615510791098 2.0047197090066775 0.9645836680862735 
2.698580925991374 2.0837212746401144 0.3021104163188454 
4.087359844492559 2.1183382797671264 0.5604546627864361 
6.43532312979875 2.099719901425571 0.9277645601905716 
12.864890078679377 2.815933318190211 0.0 
3.374905407009834 2.0 0.3760070541940227 
3.037993824020119 2.8887311698219778 0.31499308449619645 
11.483757737273294 2.751876057199288 0.0 
2.8976964998484487 2.585677426456792 0.118338851102811 
7.831243757526867 3.069629581049426 0.0 
3.564172012724848 3.21604272095373 0.2672626116450554 
2.0 3.3598674954940604 0.08869998163445858 
2.8295750603869307 2.0179048432101605 0.8877483815215369 
2.0 6.294176686941881 0.44219668174949 
2.498908657697424 3.2828821883207713 0.33568796840880044 
9.00319977312004 3.0378955112278656 0.0 
2.0 9.698007080462101 0.3554119217905285 
