17.698081158800626 2.3718136779873666 0.6133581622507998 
54.97953359266976 2.9471158045940142 0.2391506581556055 
2.0 2.0 0.7686517335463587 
38.39715610301662 4.2756895715825145 0.7122255544056405 
8.805464209566587 2.055337580878329 0.5 
5.517145015662237 2.0 0.8327025600568843 
4.232332601657875 2.0 0.8073584023134511 
16.742630058671576 2.0 0.7565505685202747 
11.288163117729885 2.013511425915778 0.8594340117868287 
2.0 2.0 0.0 
2.0 2.1783401902695263 0.9155042262345596 
8.119560291613404 2.0 0.35601089792090357 
6.833841246600058 2.3379650751213275 0.24227798020141095 
17.613158166878257 2.0 0.8243883309762725 
2.0788688838857547 2.0 0.7220732482332801 
10.608584694246026 2.0 1.0 
15.060138642892653 2.0131672250500037 0.4449111234219991 
3.114084271712005 2.0596930932077715 0.3189359327816619 
2.6342999914252268 2.749905580155229 0.5990567474474249 
2.0 2.0 0.8329610543887893 
3.220369307119533 2.0 0.7370555430164792 
4.195113727973087 2.0 0.8963314578045012 
5.552420389948752 2.0 0.1557665439566364 
6.267764340079971 2.0986938488529296 0.6758063016860444 
4.1627141737991185 2.0 0.7705300227822562 
5.253286782056165 2.0 0.213862528975568 
2.0085499141351124 2.6200229761332956 0.02480119338487413 
2.7440975174636897 2.0 0.1033943819667702 
24.345303687420525 2.037937792968044 1.0 
5.726336657632057 2.0 0.0 
12.15959261438415 2.0 0.5614564867274856 
3.318794208433658 2.0 0.0 
4.465760025208789 2.240735727196892 0.25339339546988254 
2.0 2.003097988152732 0.7470461872602983 
2.047728748015978 2.0624157477650065 0.02808036165150036 
3.3289789609503604 2.0 0.21374514398564776 
13.870793779972516 2.0 0.9525409078868805 
4.229369791404004 2.053723548733684 0.05721239059900941 
3.1137603611932856 2.0454664619048764 0.46802721526448376 
10.330009524247204 2.0 0.7404427260514299 
2.0 2.937013845431336 0.0975596958443603 
10.712403209226686 2.338648642441888 0.320461820123195 
13.04181524413099 2.4221876095190567 0.8237060645821536 
6.396016526470943 2.21564467714232 0.7616925313595994 
6.681284050865309 2.524123942493136 0.0 
14.380895323588831 2.4112895382522925 0.5590171643255459 
3.379795990183056 2.0 0.13902143537750217 
10.759463785450757 2.0 0.0 
2.8830820991082318 2.162912104720156 0.8029267489777776 
5.426985155405922 2.0430492187976044 0.0 
6.689780325353009 2.0832545945191483 0.0 
10.722761403196552 2.966856555936158 0.0 
12.523695976619932 2.996654847159321 0.0 
3.4642961909040513 2.0446359107239713 0.8383680377605877 
5.7300916740220185 2.41606864036678 0.899847354689818 
3.4592448560133704 2.0256705363963294 0.6948897173648957 
2.6688887583590435 2.8141174201414554 0.6258300310516917 
27.33994000418889 5.505809532736292 0.9361664908877658 
23.2022712223497 3.2289979909906874 0.0 
4.361804511416579 2.5573823687266057 0.43427950983936825 
