2.0 2.0 0.028105083986287638 
2.0 2.0 0.0 
4.155538643782954 2.0 0.0 
2.0 10.285732393135333 0.0 
2.0 2.5279457005357973 0.3867976508041755 
23.535305787960624 3.441024855505668 0.1503714196297139 
11.658428137272605 3.251642469601803 0.05837409094141144 
39.2869831652914 4.48410301106089 0.2596949183047508 
2.0 5.95 0.0 
2.6276127151450597 2.0 0.10419934257766367 
2.0897398956485245 6.040256857282044 0.03508896391892872 
48.825102593248054 2.81619059981469 1.0 
4.347218885841202 2.0 0.08048273516239893 
2.0 8.777526137718354 0.0 
2.0 2.588098319106388 0.021673538883767066 
25.69302100712751 2.0 0.0 
7.527360682694919 3.194991940450609 0.08351603678359673 
3.3285235994848485 2.0 0.0 
6.460997760953351 3.2664759289327048 0.0 
10.860814750537099 2.026921595298437 0.0 
5.200034045341814 2.0 0.0 
7.692632451747187 3.316767313194522 0.5 
4.767102910193693 3.438155669585835 0.5254441805247002 
2.086376984976349 3.563006226515941 0.5237520696744176 
2.488660855547119 4.053429483141909 0.6314757001036142 
2.0 4.8741936267732395 0.2564675186899566 
2.0 2.5815504687366824 0.29574943721401886 
2.9023949995198906 3.8196012190012643 0.5552590015784625 
16.190821727090746 2.6469084182301548 1.0 
10.897407790320713 2.870231143754473 0.0 
2.389059981267353 3.939174215351884 0.3530343187195361 
5.695421261615273 3.255570637449861 0.7590286424398278 
8.54707219727856 2.736530483489845 0.0 
2.0 4.32221307115765 0.7880585018684475 
15.671676723991977 3.2337789298090454 0.3274123091785705 
4.8585546535099775 3.353566838193449 0.5651735614046236 
2.0 3.032138856528492 0.628532017873179 
2.0 3.4272833150655804 0.5426427763949223 
2.0 2.6610766544423217 0.23458547277342828 
3.599720620694739 2.5820309801367425 0.21622823656109041 
2.0 3.5131931643386958 0.5876838265233707 
2.0041190838838223 4.075108970694855 0.6708970467995046 
2.0 3.591616713507073 0.30198017680720457 
2.057002682121686 4.075528204703426 0.8112201821710878 
2.002346844367852 3.889365472945371 0.7447518993793026 
2.0 2.6963691591354 0.6575525552547367 
2.0 3.4223902666234367 1.0 
2.877866116884065 3.8405608634749973 0.27686368887113005 
2.057005731901783 2.7574279006741826 0.18683089757870716 
4.949097617210484 3.303168136167565 1.0 
6.047872601400085 3.228869078865214 0.9800003152715234 
3.2512585141445136 3.1236767341470264 0.8398449175276235 
