4.931754367863945 2.0 0.4946880060202583 
34.78090594048004 2.0 0.3102068557236578 
2.0 2.3695582000481377 0.8579483994642635 
18.549389737339325 2.0 0.9724094017147005 
3.333343641195718 2.0 0.5 
8.585572841631869 2.0 1.0 
2.0 2.0 0.9468746433004189 
35.64407386545513 2.0 0.0 
4.30421991248293 2.0 0.26710347597703876 
13.111468966230124 2.0 0.0 
9.588787523023477 2.0496750965820203 0.5 
2.0 2.0 0.9830739836725985 
2.0 2.0 0.5452488924542974 
2.0 2.0 0.7239899527647359 
2.0 2.0 0.0 
7.271867566228908 2.0 0.8710682522684243 
2.0 2.224419579706636 0.4481923766849833 
8.371737624336635 2.0425292137361697 0.6565178174403489 
5.090383037382819 2.0 0.2521743815688806 
2.9720537427246136 2.4721604901700145 0.5408665921151865 
13.647000790068315 2.0 1.0 
17.611415277571666 2.0 0.0 
3.3375189705894455 2.0160149236766816 0.6284497543244907 
2.0 2.0 0.3156061407309591 
11.195481373514248 2.0 0.0 
2.0 2.0157063881891073 0.19508336441462532 
9.357692059003313 2.0 0.7262856831496451 
2.5215497683291086 2.1382208446526816 0.961838298541162 
7.045422992898239 2.0184844388733953 1.0 
9.957835682911359 2.0 0.9466269984467333 
6.818377687162597 2.2554571184571146 0.8102391130800533 
7.573108817178566 2.005615281635316 0.9001144273297448 
2.0 2.0 0.5071844228635378 
3.3855978874387036 2.0 0.4249202896434271 
2.0 2.003541916736841 0.001488811160462719 
5.980680841284474 2.0 0.6469774116912947 
7.225993923592771 2.0 0.2469930728262229 
12.703399630823155 2.076882859488425 0.6378891138743028 
17.46627652219412 2.007390466079147 0.8187916369625042 
15.097850649975896 2.0 0.8003686738195411 
3.8695074109405505 2.207433707729985 0.5613068230131883 
2.0 2.0 0.15849773570173503 
2.5044699913349833 2.001687388299464 0.5884712466723901 
5.331636653219915 2.0 0.8614518203546871 
7.179957598822116 2.0 0.0 
7.77641925909578 2.0 0.5 
5.9357737365257215 2.0275461283162044 1.0 
12.975481883292169 2.0 0.904175326880555 
5.17459679385339 2.0602688655845425 0.3269893575821405 
4.13680847231805 2.0 0.3478100270439957 
2.757599367172974 2.3469572671791377 0.8752173649197181 
3.147152948104994 2.004417758767673 0.0 
5.178642038284215 2.0 0.0 
3.9849754887221724 2.008086796966152 1.0 
26.195395383199088 2.00058933032821 0.8800858566807312 
4.085999360585626 2.0 0.0 
31.063173078595433 2.010355635034134 0.028099181169901455 
9.750548449570015 2.0091588236388143 0.4402871351077611 
2.0 3.2409019548061275 0.04067945378913912 
19.28547474310451 2.0 0.5875914216392857 
6.294765003101823 2.096091321152754 0.42224104788705463 
6.497280988585388 2.0 0.0 
19.76820511077652 2.326042199154544 1.0 
2.7151846265377424 2.0150603324957275 0.7222916139089707 
10.185425947560054 2.0 0.0 
9.016117332980375 2.041823263689621 0.41423472513350057 
12.203022310122961 2.4925333282730486 1.0 
10.658540167544182 2.0 0.3728991868982475 
3.460010244093698 2.0 0.31667856867221267 
5.780966982710631 2.1180333312605946 0.904932897398087 
2.0 2.0 0.24956423432882657 
7.370155474950092 2.4922636986031437 0.5921417966672052 
7.2275013919654665 2.0092852706328856 0.5 
2.0 5.95 0.4237310644834513 
2.8488632020724705 2.0066080856438115 0.04230451869660132 
4.379561784289004 2.0 0.3728991868982475 
3.6792412958920417 2.2056736953011713 0.23359411040535336 
8.061083823502935 2.2270821899835425 0.7257546827830184 
5.368826992986064 2.630302574340624 0.09130530125588998 
5.6625072263679606 2.8044595034201563 0.0 
2.668485811875612 2.0240629967739743 0.20937927603029702 
11.252480251572091 2.814418665269311 0.0 
2.834317768081244 2.2109136251297046 0.8046787496711418 
5.048183067370836 2.0728981926752987 0.24369691971379684 
2.8594686776134624 2.0 0.14407155280005673 
4.8571091862933224 2.0 0.9968275136865599 
5.272481227255861 2.0226197453411743 0.7223392433751675 
2.228180683593915 4.086901676932657 0.22481926403246866 
8.353922199379433 2.159974431143678 0.39977524847123025 
2.10995696826095 7.132667712763036 0.014080017534695488 
3.2159768035991405 2.025901963992499 0.3474568135902186 
3.4769442602490033 3.09546751539868 0.12453543195690814 
12.954870170199804 3.0050885410337482 0.0 
3.3247040267847527 3.76739727642926 0.17909977617259187 
2.771336894660526 3.020269038344556 0.025405867812342442 
2.0 8.901776401471512 0.22972205383637556 
3.25000764844304 2.510487629667658 0.31609373162332544 
