2.0 3.454766546120084 0.3668043171313745 
2.0 3.2481244103345777 0.25370568073649713 
2.3373479024562895 2.0 0.04095694870584034 
2.0469771256061082 2.0 0.0 
2.0 2.0 0.10412694133635408 
2.0 2.0 0.16016211281368037 
6.126880840566102 2.0 0.0 
39.68565811240345 3.7271783350696728 0.5335794557296661 
2.0 3.2599106194103022 0.4523566245786974 
2.0 3.2038407978820516 0.6366707593100129 
2.000127762383821 2.603968740999641 0.7360471405458013 
2.024668938665047 3.8519681028637596 0.14392576205896157 
4.754618061721292 2.0 0.0 
2.0 2.9471853470019984 0.1907190799439135 
2.000115182265276 2.5444989805578624 0.7620372493942872 
48.09288998779162 2.541798491072107 0.44366560537276234 
2.0176894771563925 3.327999874449141 0.42173806030621835 
2.099887351842282 3.8778428201025203 0.2786312809560122 
2.0 5.4939731954594695 0.0 
2.0 6.137109913353552 0.5 
3.4436967025631042 2.9504743760174827 0.14708874621382498 
2.0 2.860115542328091 1.0 
2.0518842256904204 3.2312418562842127 0.3218257592219413 
2.0730137711379077 3.414451889567779 0.3905586223340498 
2.0 2.648312509023357 0.002787487184796711 
2.2223900180408807 2.5064484339485924 0.5316743647287587 
2.095624667918318 4.067487750196143 0.0 
2.0 3.139789132036987 0.5 
2.0 2.8947339715980247 0.0 
7.925877688722571 2.0 0.0 
2.0 3.6912647622543275 0.3856430050464621 
2.41722429216047 3.8157548480465584 0.3086210057276935 
2.029826559792359 2.987235596722274 0.5919573774849349 
2.644720506942665 2.503207712968884 0.04929474134256376 
2.0 3.4486857246371603 0.1868269794153446 
2.4061727966063278 3.302983580162592 0.6488720683164153 
2.0 3.2366489822548736 0.9496864318991811 
2.325309909610013 3.067035444550746 0.6919750344215755 
9.249573024463308 2.0 0.0 
2.0928663943260783 2.8746187144884265 0.8265332801984087 
2.0 2.5042256946921206 0.8770481829688942 
11.704652082103944 2.656941394620901 0.0 
7.351200873293177 2.0 0.0 
22.7081269275548 3.4823371453319365 0.0 
15.449987157310012 3.0761251262984057 0.0 
22.402632276317593 3.366476766800145 0.0 
4.842586334685166 2.800968140816405 0.0 
2.258743591138665 2.8456851541091526 0.7888100720061185 
2.033090010859018 2.50108539865115 0.928841100372829 
2.0075189555391297 5.504554855129097 0.18430745473313104 
7.570784612363912 3.134210696172281 0.0 
