24.90145114823402 2.0 0.7958948224182314 
38.840819106074726 2.0 0.0 
2.0 3.297118785874204 0.01643213997151116 
2.0 2.0 0.9529936527927533 
33.65440555305212 2.0 0.3037949784475027 
2.0 2.0 1.0 
10.441500078734535 2.0558729454733546 0.917963100748601 
12.153158401080717 2.0 1.0 
2.0 2.0 0.5351828589437998 
3.7517114279420403 2.0 0.3992858632441725 
2.0 6.198456525424129 0.4193572037578836 
8.31276578657156 2.0 0.873376395507877 
7.567654006611119 2.005565871856999 0.805289505521521 
9.608889733812262 2.0 0.57012222219536 
2.611035520712502 2.0 0.0 
4.513398315848679 2.0 0.3239929473707932 
3.202865035429489 2.0 0.004327217844543634 
2.0 2.0 0.8773052448543017 
3.7087042181555403 2.0 0.0 
2.0 2.0 0.0 
2.0 2.0 0.507509475270646 
2.0 2.0 0.7184094570884565 
2.0 2.0 0.035608249842563604 
5.30136231007987 2.0 0.7068378550028598 
12.51529124783099 2.0 0.6010217846583797 
3.2718261162289295 2.559947886178197 0.020364911701304986 
7.807078119744396 2.000254062259454 0.6308411396040967 
17.91441505905492 2.0 0.0 
2.0 2.0 0.4448800089330074 
2.644501713828543 2.0109007021229615 0.34053611848531984 
3.812895704432929 2.0 0.9740091910395623 
2.7722087155458524 2.0021270929729535 0.5 
6.17639283156925 2.1480283962689017 0.95 
6.3054387792023485 2.0 1.0 
19.35762086698947 2.0 0.5747609958169274 
2.0 2.0 0.19691969588704258 
4.0250123806634175 2.098164243501262 0.2125100654884125 
2.6354759630420848 2.0026162023258274 0.8694293031327159 
17.19241506554752 2.0029266215033648 0.8123173111935811 
2.0 2.1349665472454444 0.2342272021395561 
7.367111739184456 2.04192192922271 0.8018527261035475 
2.764834848879037 2.1349595741527825 0.2689965590237501 
8.731391890971771 2.188027563243644 0.6765824860287336 
30.53029518694475 2.0 0.4845120124199379 
4.529782804658787 2.004921666023082 0.0 
19.181826951629 2.0 0.9997676473379223 
12.93605725716419 2.00074126978096 0.97288467957133 
2.8247702394789975 2.0074377840780566 0.4265177297343546 
5.452387097168013 2.176929183616464 0.9492877642999942 
5.313684617028531 2.0375738429214927 0.2513369918965901 
7.136095613470232 2.0 0.5 
4.1430230457417645 2.472968707043729 0.5570580079121146 
3.2473337593961036 2.0 0.7312878568751944 
11.301634125261323 2.0 0.0 
5.894920783197145 2.0 0.6684698750669676 
6.124427634901275 2.045926311793933 0.4240031552491096 
9.360234750657765 2.2411252833377397 0.3691319146323936 
6.857773778933112 2.0 0.5276874901662355 
14.027753878871515 2.0 0.9945044021535336 
7.2378496257923945 2.1030341914774042 0.2389740431732993 
2.96054055289389 2.001073004364027 0.20288429372502603 
2.0 2.007446747699091 0.15703088809131105 
4.474674425709634 2.419890037505432 0.26096924556703416 
3.1281483545993414 2.041737904024433 0.31379276601581424 
3.531190635530253 2.3516037347881307 0.3396860998718515 
2.8832289059065657 2.125662701912837 0.12968495829255378 
5.541752420534805 2.1084359332998046 0.0 
3.4662964089615347 2.229722937948253 0.9773382191786075 
7.496145901638915 2.0 1.0 
19.56076825776127 2.0 1.0 
8.685570121939556 2.0 0.9944491995619229 
2.885947005831124 2.005349103698389 0.8100811061026392 
6.787612920431042 2.168189836075486 0.0 
9.73377421928988 2.0 0.49160562948907677 
14.611871693677909 2.1632563361116386 0.8546917534869475 
7.589756191803618 2.086700257774127 0.4784383745248885 
4.758179314671114 2.0017303029550657 0.20946540018405072 
10.264330974808292 2.2903583920017248 0.0 
6.967273113147591 2.0000221855335316 0.9437455876429909 
3.174476235368919 2.1034870769091807 0.5785998386418851 
6.938907228326727 2.2251950091607284 0.30701827924698644 
8.186969371130134 2.0 0.3583627374827837 
3.3760310890088547 2.28794529649124 0.5283064608894583 
4.848512902988115 3.1267243680524786 0.1360792934534943 
2.0 9.88280316026111 0.3017232981592771 
12.927519185452951 2.7185669356863293 0.0 
4.915185676726592 2.0317384450136053 0.49158258142296474 
9.253588066985813 3.149727340601747 0.0 
12.721717289471766 2.0 0.0 
4.87762201850397 2.128492527049153 0.8700294136662104 
2.0 4.354946425298103 0.2366573407529708 
10.439111344239446 3.4118618258828763 0.0 
4.1287336673120185 2.9009117118076952 0.23278988106115173 
2.8582951690332115 2.1485004790517688 0.6128800339365582 
3.8646486420300867 3.397106758770425 0.1517933350966376 
2.0 2.7309657092948116 0.3195178989176639 
3.343275014573034 2.795531192055849 0.1256655169124575 
2.0 6.6933234581989405 0.025239785583392238 
