16.050461345765527 3.0223559143746943 0.512756260656676 
42.21585197233904 3.3065003736999907 1.0 
38.46041633018865 4.010221632893703 1.0 
2.0 6.489695551071506 0.10942837255142862 
2.0 9.558448302302276 0.0 
22.605669628081888 3.231246300147844 0.673711654806888 
2.0 2.0 0.0 
11.571528434510922 2.5794997831482815 0.35611810151255974 
2.0 6.143071909404511 0.0 
3.6814463855910518 2.1179025672868335 0.02610173660830647 
2.0 2.566045374359704 0.26371491507281086 
2.0 3.6777930081316623 0.6015305974217597 
8.124385405776138 2.512009442017713 0.07109757908975078 
2.0215064477258693 2.0117513576253465 0.02879232315332717 
2.0 2.5495635671887578 0.2537613950528226 
26.032454673245383 2.0 0.0 
2.0 8.76939162780501 0.0 
3.4849171326307493 2.0 0.0 
2.0 4.308152908206313 0.6932053695264382 
2.0 3.6461729470357627 0.39921021896212794 
4.105390540732284 2.0 0.0 
10.509890502948997 2.0 0.0 
2.0 2.5609941574641133 0.5565269397371481 
2.0 4.011855656549689 0.6114521400550224 
2.0 2.882700899696899 0.6481623616457507 
2.0066412518223076 3.155650473203888 0.40889566217240103 
2.0 2.871264337295962 0.05330238112519627 
2.0 2.8195665943906865 1.0 
5.044761467980672 2.0 0.0 
2.0 3.4025009828641064 0.9192880245608426 
2.832603756425117 3.433349361311681 0.8385344033689994 
2.1158219473408515 2.5536166809713636 0.15762007448609405 
2.0 4.231900185862236 0.2662692842670532 
8.07859063185395 3.4666334378455272 0.5967122454484687 
4.810152107079434 3.015746356691934 0.6994377502524407 
2.5294829981159017 2.472148882810478 0.10339501802431564 
4.599832693817433 3.3896391331950717 0.5 
3.3212103143848237 4.196803987570611 0.29077666013227904 
2.0 4.129870689440187 0.7570778891320219 
2.2159015603996206 4.45764677586064 0.5443403792711741 
2.0 3.6065261919721308 0.8140248775096249 
2.0 2.567896662568121 0.6090578286855538 
10.543237598976336 2.9910211309462094 0.0 
4.750842924176641 2.974935431799483 0.5817362229391592 
3.5649417185132046 3.2457053563885654 0.1526243196803565 
5.749366505034299 2.949854864890747 0.700091777090933 
9.80183808322819 2.7140023508854645 0.6726396360053699 
8.532869799939315 2.614349882773955 0.0 
2.9973818408066477 3.381109794981138 1.0 
2.5549514414221637 3.0588433717781114 0.6731668280717047 
2.0 4.538763047146654 0.26626873293976056 
6.210589835791717 3.0703916951608567 0.9193580243510565 
8.479994758009706 3.203375142797797 0.9394554501546871 
5.598853035440847 2.6768906450005763 0.0 
2.791361904206667 3.990294123884082 0.5651723575461833 
2.0 4.161644702657707 0.7507406996312174 
