48.92231592644235 2.8401478640454147 0.6814383865839163 
2.0 3.3793099767411334 0.9526554210242884 
2.0 3.6694073450917486 0.0 
2.0 5.280484540184746 0.0 
6.566516452606122 2.0 0.0 
2.0 2.0 0.0 
2.0 2.0 0.04948784790969103 
2.379260383527062 3.050511979792436 0.0 
2.023423839806024 2.5811837900910426 0.4458781082016384 
5.070380120518692 2.0 0.0 
6.3778176768521675 2.0 0.0 
2.0 2.561807065627619 0.8749234394462146 
2.03522487214909 2.9026496177978283 0.24472762327238803 
8.832789836936627 2.0 0.0 
2.0 2.841112833904057 0.6453159162184781 
21.316258697868275 3.465654743986785 0.0 
2.02984778580432 2.766765933706785 0.22227908105914881 
2.0 2.917515583545525 0.3104681957986496 
2.0 4.339764135014435 0.3267981538202198 
2.0008167777641934 2.8695440280898996 0.5 
2.0 2.1880937944699492 0.16233339515147638 
2.0 3.404529836210661 0.9299612755036271 
2.2103739213508105 2.6682300606297638 0.7512237675403083 
2.0 3.234749379714652 0.4111424065514321 
2.0 2.537877623547689 1.0 
2.0705518421154334 2.6869695059924723 0.5987666975420955 
2.0 3.3358850023315547 0.0035549378753578055 
2.0 4.419859915369292 0.3804915095522258 
2.3927155881674076 2.916713915071134 0.8014010095853176 
2.0 3.744704911453777 0.3009033275922647 
2.0 2.731445571160708 0.6102232799379117 
2.463698029229775 3.0730883599281786 0.3667808685111673 
2.0917110091190354 2.5261579894108226 0.5430311850374472 
2.0 2.0768168715465114 0.12378728228832328 
2.0 3.0295911940157874 0.7136192278128031 
2.037268301329221 2.6413436912116994 0.45369435371275413 
14.595082630900404 2.6441499601501546 0.0 
12.06791920925038 3.1735355514758137 0.0 
8.316218325300872 2.0 0.0 
2.0 2.5623437916068634 0.8604944739163132 
38.52495054530477 3.6456829395236 0.5 
2.0 3.115974252425956 0.17163255585237963 
2.005389742860296 5.737578907394385 0.5 
2.0 2.929433275707418 0.7023559633964845 
4.684389457564559 2.764499683713424 0.0 
2.025387703744901 4.31488647276435 0.10630344423609137 
2.3348032334438944 6.411780742631009 0.1899435212657662 
16.681617257162273 2.762915210818873 0.0 
7.852093605200453 3.1453592596165545 0.0 
2.6403027937683463 2.8159055064661156 0.09090177970736342 
2.605 3.4014512545641935 0.1331764822545627 
