4.099969370656634 2.0 0.7203138659091044 
2.4280618294915293 2.0 0.83409268585966 
2.0 2.0 0.0 
57.07087851709519 3.2697053701194236 0.5725414255606459 
26.26900429449411 5.945977148096752 0.7931076531385957 
2.0 3.2134318229866414 0.09498698438293957 
2.5247033194871724 2.0 0.48334467328008424 
11.592950639843924 2.0 0.5 
17.78463223194548 2.0 0.8050360374202746 
10.652257177091911 2.0 0.8227228740045298 
8.05 2.0692864197233685 0.3258027338734522 
22.51042827366363 2.0 1.0 
20.251144802328486 3.367075005564973 0.0 
17.330308906120614 2.4637865947220727 0.8155801225432633 
18.274024646588813 2.000483973402773 0.4958431590322009 
5.735398131395479 2.366275632452558 0.7760836318694303 
11.46956408508072 2.4073290175561306 0.29799302822842244 
5.67559831994271 2.0 0.17716892339654106 
2.7968152271366717 2.12382041501331 0.3145352682480544 
4.562305042121201 2.5799301524045113 0.9082168604100604 
2.934345960733166 3.155973449927888 0.7520909203822397 
10.544264901132797 2.0 0.0 
5.738732034812628 2.0 0.0 
14.03958541662552 2.0438597012763906 0.5234143158918809 
2.7756980030500427 2.0 0.0 
7.083006199984435 2.5429134357916037 0.0 
2.9785858396589546 2.0615551612468708 0.14246628837773428 
2.0 3.2025320578722063 0.86208069435292 
2.0 2.0 0.02341431589188092 
4.576321349014485 2.0 0.0 
2.0 3.374531024468883 0.005069253419885289 
4.641983508151131 2.2577473262625136 0.24706890435523798 
3.885134503984932 2.042132177324398 0.8495685413574952 
2.7863081398086855 2.0837376762896005 0.09448203684509442 
14.54677902669787 2.0000386032355486 0.5 
2.0 2.0 0.7140131367069245 
4.087884961556094 2.0 0.0258378925687604 
2.0 2.459924764413991 0.9136106790043991 
2.71373590564815 2.444014286159643 0.21168579809524518 
2.9647458353342957 3.36108552819499 0.6156700488338792 
9.4191528650253 2.0 0.5 
22.90987193987062 3.420609926825752 0.0 
4.187998301597271 2.0 0.8743847842339688 
10.995771236867592 2.5555345492555457 0.0 
2.0 2.0 0.7650026116280576 
5.605859112260039 2.1315659306933377 0.7005640850707213 
3.7496549240331696 2.0 0.28486741140238525 
9.773488098535493 2.0205745403172677 0.6596273293559369 
2.0 2.0 0.7410764833116688 
6.617329303986828 2.422049764010065 0.0 
6.621300874322918 2.059211391786078 0.24609695320766944 
4.128898384505006 2.0 0.7585865514090282 
40.02680623742111 3.873602739487907 0.7859310861196067 
4.008368427793709 2.9335263315847024 0.40650504935995546 
5.906493406740627 2.482038160145707 0.9052365916013175 
12.551763620248382 3.4543380605642593 0.0 
5.622883020484791 2.3069962369877106 0.8492936692246809 
12.918983344533068 2.0445890117522936 0.8218366941257295 
2.0 2.5199302651147018 0.8939232962386724 
14.278482302174478 2.3827770001106634 0.9191589805336493 
3.41934929299923 2.499296327071742 0.7337446909891436 
10.615722888944507 2.0 0.971430815811112 
