48.98027877251905 2.7529993114386127 0.5018957665837812 
2.0 2.0 0.0 
11.805660626629328 3.4321083660564864 0.6972945660723667 
2.0 2.0 0.03095188223633827 
23.546732628627222 3.2860858982682153 0.5 
12.12107218907715 3.340486489475454 0.32380677278499603 
3.0121301232844924 2.0 0.08248270321173412 
2.980097363498711 3.8947884932998607 0.2829692061147388 
2.0 3.9144788572560034 0.6404513111796917 
3.7451236967687866 2.337932589864956 0.05599201155076365 
2.102381018429596 4.173638603263214 0.8007354333604247 
2.0 3.440145383514454 0.15706211334040965 
2.8852919411864417 4.187027403329169 0.5559920115507636 
11.1634811720449 2.0 0.0 
38.809806493050196 3.531939085155046 0.7921865890409333 
26.414864428510832 2.0 0.0 
2.0 3.7716887744819214 0.2615552063104891 
2.2669018706861 2.5842672365859007 0.3884651772937091 
2.0 3.086729608312588 0.2911494472573326 
2.0 4.341869801819626 0.3571076654173188 
4.476681945903279 3.398308383375804 0.22471254372406918 
3.8841587792975 2.0 0.0 
2.0 5.95 0.0 
2.6889233271647766 2.999326606990634 0.8540815224661185 
2.0 3.463604831160166 0.06189277019486719 
4.667948843241968 2.0 0.0 
2.0183646274754232 6.24106093133628 0.009256886839273474 
5.320140622701601 3.265680044092106 0.7426080536163 
2.0 4.266361690571516 0.5249158409479622 
2.0 2.678349068366068 1.0 
2.0 2.569348835970267 0.55 
8.367990370938482 3.308042281532217 0.5627804771195191 
2.0 3.7221524623370708 0.7253217888967631 
2.4667223805338647 3.752182600204878 0.5901462228080232 
8.05 3.048560404405319 0.25592399961023043 
2.2276181075010637 8.805676736213504 0.0 
2.0 4.1303231127081785 0.8391391639681669 
2.0 9.8720497332622 0.0 
15.995309767855423 2.51251615869274 0.32663347943129273 
2.7397116685017195 2.0 0.0 
8.595642195319751 3.2495185892601475 0.0 
2.3401065912161907 3.4569739980285115 0.6136268360065638 
2.0773984854915506 4.607005113579629 0.269672421012118 
2.645459472574418 3.363150300053344 0.6934287233824361 
6.132207916847286 3.1165549962963137 0.0 
5.83235802058017 2.9208816884827207 0.667663352310524 
7.909895537932436 2.9050149742252143 0.9619558072381469 
2.11033691781901 2.928441861524146 0.9292667775818042 
2.4441166550466225 2.6729965308673123 0.230762819735832 
10.977607807088207 3.1388824308977856 0.0 
2.4942356150562395 2.8328329692002585 0.6658178644235213 
4.688831553320394 3.3386892976647218 0.5740502050093739 
9.69099477103011 3.3620181842112618 0.5994996239958256 
3.295574097388461 2.969782029945109 0.9034489398350055 
5.112526924015404 3.248074659931708 0.5533205207682556 
