2.0 2.0 0.12314097391496015 
2.011493664021682 2.6972253977980047 0.8436808092589286 
2.2569577461966572 4.3333236935407395 0.29429224988771907 
2.0 3.3003616990312636 0.7561685406348648 
2.0 3.375382151281685 0.6382190641922025 
2.0 2.0255083489527173 0.0 
4.587595169591941 2.8028929814142405 0.0 
2.0 3.1539951467961487 1.0 
47.97574816653669 2.688822315230699 0.0997959861334725 
2.0 3.146650659793317 0.5846331952017495 
2.223683982619386 5.63493017288619 0.21612814987451234 
2.0 3.3290520503430208 0.21261951577047233 
2.0 3.2621398569580213 0.5186686329085911 
2.0 2.5095814249459245 0.7453573379095422 
8.000150722325822 2.3227771016666336 0.0 
2.0 3.2285000967843733 0.6827267873473992 
2.0 3.284595650110644 0.0 
2.2321777977617465 3.972401960755103 0.40029594600790175 
2.266570996681556 2.8584497937870275 0.7937699056855512 
2.0 2.7064210150583303 0.9165997871466046 
2.0 5.583195725895286 0.4456454633553055 
2.0 4.332306855295369 0.31140291401513914 
2.404976364732666 3.0980044956104855 0.48480632062045026 
2.2503629975105097 3.434370700780268 0.6318778424353152 
2.0 2.0 0.007984700898140573 
2.0 4.157581651969628 0.12371232777342361 
3.295203804223263 2.932082879430721 0.07422707270976248 
22.831992543773357 2.9435834927373126 0.0 
2.0 2.0 0.1663437120213297 
2.0017948225801017 2.7727998633163238 0.95 
2.0391167301479856 2.6710595473342567 0.24697485929556498 
2.0 3.0078953429936077 0.06679647720260917 
8.330744113714008 2.5890384926353454 0.0 
7.4243611802327205 2.006214161858319 0.0 
2.0 2.959817953149234 0.37819455407948 
6.39507736100114 2.0 0.0 
5.033799116035763 2.0 0.0 
2.0 3.6056409042215463 0.0 
2.424307123715773 3.1589061614430696 0.4239041869560406 
2.0 4.812614382024891 0.0 
35.68950528756554 4.238983300484856 0.007259557803184807 
2.0 3.445011028495635 0.8897736359229929 
2.0 3.487057337616785 0.5405038366782027 
2.3960687084859336 3.203657817973871 0.36539774272315684 
11.771435783971793 2.8360332431496293 0.0 
22.306858882990745 2.999513292132634 0.0 
2.0 3.121036850791868 0.3054178884603509 
2.0 2.7347511967531983 0.15452362697840677 
9.181073983945074 2.3350811452959306 0.0 
14.968352324971764 2.888033220182335 0.0 
17.22485464043565 2.7517575249027466 0.0 
2.6625944980477123 2.9201236635601555 0.12805592005634764 
