2.0 2.8528025387812344 0.2958379142645266 
2.6895576057715296 4.409954450255398 0.24913518003571733 
4.23886066246967 3.317700881409607 0.2148583437064775 
2.8353591512143064 2.0 0.0 
2.0 2.0 0.0 
2.0 2.883087898492912 0.38662765210954086 
2.0 2.0 0.002551006002769108 
4.8914873266949 2.0 0.0 
2.0 4.197556001371273 0.6186300590187653 
3.6688178596555225 2.0 0.0 
3.8557866145405875 2.0 0.002394393208781983 
11.130494353830091 2.0 0.0 
2.634549751698752 2.0 0.07783538814821023 
12.048094897601128 3.3998349788262043 0.02391390024556917 
2.0 6.3183131990090375 0.03896442041289594 
2.0 5.95 0.0 
2.0 9.621183496229298 0.0 
2.0 3.294954039395217 0.04868002903396802 
7.816012470709897 2.8102488856601875 0.01517132215811053 
2.282912858720035 2.655687334949457 0.1843959843829803 
2.0 2.8285055401519004 0.9293311978930034 
39.975132690061386 4.0033599363974295 0.46623411488627614 
8.679025561689059 2.534222315615243 0.0 
2.3313067168537787 3.955072205470056 0.2655286308883891 
4.523922155216933 2.633642651065324 0.5 
2.0 3.66468903450252 0.8229313462548085 
2.425615941895619 3.215426740700296 0.6706363596780005 
2.0 4.306551180429025 0.7214966268676497 
2.0076306707252525 3.817389422059815 0.5787890270088607 
2.0304522092896224 2.8186046319817537 0.5567689928958389 
2.0 9.182936469944039 0.0 
6.299236107294302 2.962132413687473 0.7577450942491633 
4.70979735817443 2.886580367855818 0.5809045137106461 
2.0 3.4299112283383866 1.0 
2.0 3.722776469220989 0.7647239589604178 
2.421130502073992 3.12549717831906 0.6219202996832291 
2.0 3.1972422528586057 0.24573780935086548 
5.109355065695134 3.086764756312396 0.7434951380959116 
8.471660555994802 2.5420725461803726 0.5 
2.26626843007462 4.1261548835031885 0.377343821860071 
6.432462539130931 3.3249275844254504 0.0 
11.87941148512454 2.635663209104474 0.755198805099737 
43.45316497412444 3.0922325459642206 0.5177742829854176 
2.6925798752733052 2.917147573887793 0.8902040698947334 
24.486101377152274 2.5762413018747763 0.01618180334844964 
2.0305596139850497 3.883474146117784 0.5445260007248542 
3.256396071278539 4.0386315377466095 0.5348101407694464 
8.05 3.497618647960839 0.9209403172816508 
11.348417844783892 2.7805405703030233 0.0 
2.5145489887729724 2.5679048097959916 0.7158539763822125 
10.497770339779349 2.6072150981203617 0.6973389948201816 
16.383948665275902 2.7851236288764136 0.01688420901178074 
26.51086256338515 2.0 0.0 
2.7797335874972524 2.9317112890716617 0.9022173732371601 
2.0 4.641954640037237 0.26949563295929396 
