3.0592055985497986 2.0 0.818377249473205 
59.4737222511007 2.893338139929371 0.3484040504440549 
2.0 2.0 0.8396069048159636 
12.921820696625003 2.0 0.8589504968554489 
10.586127057322528 2.0 1.0 
2.0 2.0 0.73826470217364 
26.627557991512294 5.941171494905944 0.6650674650253448 
40.26373238951531 4.269080340479494 0.5154352726030005 
3.490677370333777 2.9328964194345266 0.8027994656683293 
3.229903364619842 2.0 0.13112326997751222 
10.319098504779927 2.386721277262848 0.7077161713611131 
4.113208006445947 2.168574578003571 0.8193045429191017 
2.0 2.0 0.0 
18.478878223029945 2.0 0.5 
13.512002569707175 2.0 0.9736859748554989 
8.553476143016097 2.3885548305047246 0.5 
16.552323702273217 2.0856645485821623 0.7059758085028733 
7.941814296124151 2.018980976355844 0.3763255328354324 
10.780173912557448 2.0306751969279397 0.9092047734647554 
11.734538859207783 2.0 0.5 
7.464829847564843 2.0 0.0 
4.185342244162841 2.150340891432805 0.08817093497193156 
6.311416646049452 2.0 0.6719005046900658 
3.242900095106066 2.0133226232746235 0.4199258143826661 
3.7672977758059165 2.0024461386495065 0.2935842238934376 
2.0 2.0 0.7272678091311018 
5.412541487662729 2.1129506637675823 0.20076611268534145 
11.478810434828297 2.0 0.3582218269796363 
2.0 2.0 0.015532964212312095 
3.341905010037376 2.0 0.3067950755160107 
2.0 2.6856870225146867 0.8938743509080731 
2.7336480179486444 2.036712850680187 0.19917735977093498 
5.976896202954771 2.4761708360425687 0.7691966822858746 
2.0 2.0 0.7599738962677913 
2.0 2.0 0.9129985108503965 
5.691175264722935 2.0 0.18520667392425882 
3.317523901148291 2.2003430302181113 0.0 
14.814602288768157 2.415204418764799 0.5 
5.352420822042539 2.0149001810389295 0.44517412279577806 
6.598945938747084 2.0 0.23648011222508808 
10.558325946718055 2.0 0.0 
3.799075810117066 2.1725514637060073 0.8054729336792885 
23.794250062192393 2.0 0.9509977653361513 
4.917381759597155 2.0 0.0 
2.577567709284813 2.0233735510268716 0.7201157985694102 
6.001259185879714 2.4378795007208054 0.0 
3.0676664776113363 2.638990885397756 0.6346463301568154 
14.394048799562272 2.4969988494594664 0.5248487517784164 
2.7340536022154445 2.64939847282359 0.685028650383688 
3.248971005839744 2.0 0.4639593071371434 
2.562373816117341 2.0655709028287776 0.6790251149026291 
23.476347000858656 2.73175016324731 0.0 
7.437025606072764 3.472156520364897 0.0 
18.820616727154416 3.216706155692499 0.0 
3.4628915302549403 2.0226213439725234 0.0883240061533583 
2.0 3.429048935426952 0.10568046777879403 
10.91896346792135 2.9985689332655423 0.0 
6.215402704423848 2.186481118094242 0.899388322834634 
3.9419287780493972 2.0 0.8645344400505847 
2.0 2.7125444237601153 0.050929948535029176 
18.316294158108082 2.1033193910698076 0.8041454995577586 
19.60449129275417 2.8929843128561026 0.0 
