23.022205117128323 3.3695694473389466 0.46168473932130605 
46.572609921643995 3.393857414932544 0.7956863802884766 
2.0 2.0 0.04248409238428885 
2.0 2.0 0.0 
5.4714411302933135 2.0 0.0 
3.0740217772272103 2.0 0.0 
2.387521159343104 4.0475698260923725 0.3754958097129501 
4.252282563481829 2.0 0.06773844032217652 
11.17470597629772 2.0 0.0 
2.0 9.915361391464932 0.0 
38.76854388049851 4.096555482185903 0.5679589983091987 
7.7420691178784455 3.3486287282404543 0.14174357442608848 
11.938426626383702 3.423574552756362 0.3843069982311611 
2.311280328989701 6.006090992869151 0.11522291031897636 
2.0 2.7233370721586754 0.04009466747459112 
27.328690737964898 2.0 0.0 
2.0 9.022800762550709 0.0 
2.280522486386098 4.629851248648356 0.27220424766980433 
2.0 3.7240166206913003 0.7574358974194086 
2.0 2.7786044487152886 0.41178228172946135 
2.0 3.5788892647892974 0.8501403563216483 
2.0 4.765059387712221 0.2218533465367454 
2.1795720017602576 3.0396197651328816 0.5341164726306699 
2.0 3.3743030525289663 1.0 
2.0 5.715075319186308 0.0 
4.2936801513692355 2.0 0.0 
2.0 2.9912772954091458 0.16591356947995017 
3.0901820446858985 3.7600818456881524 0.5870377104672555 
2.0 3.41488597090558 0.23676703571618254 
8.550972165572414 2.712088009110915 0.0 
15.708887963403058 2.6839430191833866 0.5 
4.583668521768452 3.024946305617589 0.5 
2.0 2.8381038398884177 0.6255349700533113 
2.0 4.2411696510314325 0.5477081074221133 
6.472270138341066 3.2341632678733654 0.7686341444360358 
2.2914833862939648 2.652867175264702 0.2692676019198227 
8.399283115959676 3.1812122044355147 0.5338372754580686 
2.0 3.065012157234824 0.6608003832724348 
10.551496835815438 2.776101569317438 0.0 
2.0 4.026347380277348 0.7524754861234078 
2.0012559927783666 3.1753231773365598 0.9285759290793633 
2.2841746817657267 4.009562046796163 0.5789537025889018 
2.0708266648242586 4.051555502275446 0.6204174097220788 
4.58139856256123 3.1554350234230877 0.6001443237390722 
2.0 3.8981046801083776 0.2575534378964213 
2.0 4.131352342435488 0.6724131660908446 
2.5133947743822214 4.2097773193312555 0.25447994657397977 
3.5117059114010623 3.230446847139922 0.2705314939283712 
2.6899057960851818 3.300749239166185 0.8206384241012501 
2.8188999830841963 2.5885694750470765 0.7167802317716956 
5.987236235852335 2.581267754684211 0.0 
3.1306257962274318 2.4543828622657813 0.10601447306993589 
3.202711009576891 3.191514116738238 0.19136793963584114 
10.141195847479787 2.901512138773604 0.5594166437149724 
4.5634266061337145 3.1945312908576566 0.6913520708494458 
2.946322549532909 3.4583715321223383 0.9963114433185929 
2.981649679960971 3.3066835503593994 0.95 
