2.0 2.432778014563347 0.0 
2.0 4.099074052950392 0.0 
2.0 3.4784140117214397 0.3980167637944516 
2.0 2.0 0.0011517628476478414 
2.0 2.6760608571343534 0.004585762849802058 
2.0 6.240566847249324 0.1618614428866476 
8.05 2.0 0.0 
4.9141493667776315 2.0 0.0 
38.92426063536514 3.6956283879968375 0.5350056736202886 
6.870030399592417 2.0 0.0 
46.152452085323205 2.9363729113509693 0.19573601904653937 
2.361598996707322 2.5917425649433508 0.5144370514968344 
8.90146855022397 2.0 0.0 
2.0 2.200125935893668 0.10339549437090456 
2.0 2.707601578321418 0.902596776895315 
2.0 3.3673353724867336 1.0 
2.0 4.517510454819248 0.0 
2.0830424840708144 3.0745701169243236 0.2623537320848248 
2.0 2.584489235614584 0.6555179709485522 
3.064468058225464 3.165962900470804 2.888228081280694E-4 
2.0 3.1958802482239452 0.778704306592372 
2.488292788269444 3.1553315495984497 0.3116887760391871 
5.40441022660913 2.8143749046553346 0.0 
2.0 2.6417566715722347 0.0 
2.0 3.2939156808645396 0.18442070155340984 
2.0 3.74967079167323 0.31172646673643295 
2.0 2.5536210791533325 0.55 
2.0 2.7561370890691235 0.9553152533188656 
2.0 3.1907661586942533 0.432109687701995 
12.463808433484575 2.725958149019921 0.0 
2.1250072982591526 2.6985854163602623 0.8393089860300716 
2.0 3.373104835989148 0.804935714487944 
2.0 6.081382747211533 0.4508365077222204 
8.01744741211828 2.5998979767739385 0.0 
2.012150563334719 2.9928334317915515 0.7060161713295144 
5.846350056729218 2.0 0.0 
2.0 4.309322980659976 0.36471476058100094 
2.106661493163312 3.8571367251246644 0.2936872684071373 
2.044822605045971 2.780530371564279 0.3602940536168149 
2.0 2.6299085393238 0.6128134275563895 
2.0 2.6169254750093054 0.7460183342365427 
2.0279322434318234 3.2022534667661535 0.5717806267587785 
2.2330642519026296 2.6106687985525725 0.22152132505678576 
3.4301488664635844 2.787902955726615 0.13598066085599536 
2.0 2.0 0.1758452980333336 
2.0 2.6976593538786395 0.46966477106997107 
2.167304635078949 3.123238607690153 0.8961301998276405 
15.439532355832938 3.4580617199851997 0.0 
2.0 3.8228719649281246 0.12095928761840014 
22.978507841852565 3.3539473127395807 0.0 
