2.0 2.0 0.0 
2.0 2.0 0.18189014481606805 
2.0 2.0 0.04370417228289171 
7.491365752060358 2.0 0.0 
2.816616842876001 2.0 0.13936400407977628 
2.2783836015349976 3.369246608275276 0.05026823907271155 
4.447917309865417 2.0 0.23079124093066017 
2.0 2.0 0.1543636825188438 
2.0 2.113939850414014 1.0 
6.723231352906689 2.0 0.20226298331771142 
10.215419678727713 2.0 0.5477679866105122 
2.0 2.0 0.23495331563894406 
2.0 2.2188061000097172 0.7251020834928402 
7.887502825261574 2.0 0.32941490518362593 
2.0 4.370230908702231 0.25065577870383404 
2.0 2.0 0.5452535403836379 
2.4522864348481743 2.395 0.44368033961447645 
5.421300529351861 2.3219537392166156 0.8455680470818776 
3.365704471947881 2.0 0.6256519347133633 
6.9319304522587535 2.0 0.5 
2.0 2.345878261163658 0.5187308959559269 
4.877718858462262 2.0341546402272814 0.7218822616704785 
33.23505882686105 2.0 0.5115949953403444 
3.642018993256089 2.0 0.6012044325170012 
2.7883465362671753 2.2962711280033465 0.5901624118046396 
7.883892262915932 2.0 0.88567462488533 
5.907437282637022 2.0 0.40392038594746893 
4.125469930013689 3.4930447002574367 0.2861720937281378 
5.268127264406116 2.4793693265863173 0.3149302302022505 
8.843520049047715 2.0 0.43269511242604863 
6.473564468216651 2.1273719945585374 0.6083843676157676 
5.958386045403094 2.0 0.9930667070143111 
2.576847474914322 2.0 0.5 
2.9626648617840705 2.352926407150226 0.7396289891328857 
6.961812800418795 2.3670924422569373 0.5791785100522469 
27.019660106980655 2.1482644583178647 0.6311054962766657 
2.0 2.0 0.8717748300675745 
3.9209880820681775 2.05812074970201 0.2633148381576569 
7.333199684354315 2.0 1.0 
3.020818029924264 2.2358041767379446 0.20309286394128845 
6.626047271543222 2.2097251418111616 0.8931822384865931 
2.6770231513280507 2.0 0.3111806581215412 
7.737524955536362 2.1561116360920565 0.5 
8.982449923733414 2.1351064399559485 0.6970758846056418 
2.812997701592834 2.0 0.44638157260681854 
8.65547066146017 2.367183853859731 0.9725452813376113 
11.060038448856943 2.7190715259730873 0.0 
2.6643509416800706 2.096568132923659 0.8254722366188971 
5.2129544625824025 2.097450572990121 0.0 
17.858550216852066 2.0 0.0 
7.674932454685056 2.0 0.6563609480882383 
2.0 2.0 0.9325928389804732 
14.685425618739513 2.4422296405433506 0.8693675442635945 
8.208826348042358 2.849237474331744 0.0 
6.168481760737348 2.010455092163525 0.0 
5.300589531471259 2.343356163521284 0.2682271329428443 
3.1482081153000685 2.0316215821738366 0.3431576272540445 
4.170481821388674 2.0336111137725323 0.32415475288837237 
17.083105745680736 2.1796288868748834 0.6582706037770313 
12.94921406996901 2.0 0.965395958396645 
2.0 2.6291375620671644 0.10730425884450404 
2.8322466762028413 2.0563862169949285 0.0 
7.624431578602929 2.2029066528197565 0.7673364378678679 
4.585695891967756 2.074563966506812 0.46539595839664505 
9.925765572271825 2.4386445281017872 0.38981200176982866 
9.06073489851332 2.7924147776319517 0.0 
9.504656573479206 2.0 0.0 
19.401045062040758 2.452987204730276 0.5105407881773983 
2.0 5.561643121071649 0.4065749981325092 
2.599903954036236 2.7214663008755906 0.06967181035590403 
12.511271923986609 2.8905125965147604 0.0 
2.7660384377460447 2.01230554775907 0.8668793310907865 
12.695745302598796 2.043428436043595 0.5205111998016875 
2.7786542636058744 2.0 0.9572831383590359 
10.96756121300075 2.0206800245413152 0.0 
3.6278234176022943 2.02247023272782 0.3661559777323879 
3.7133739124792076 2.0861817213918092 1.0 
12.816713371552886 2.0667758855059897 0.0 
11.743106308261048 2.0064560731148857 1.0 
19.64227858651641 2.064422744264102 1.0 
9.660464768631115 2.1194636722964244 0.9151952556794551 
40.91855859712891 2.0 0.0 
3.166112293784588 2.0 0.5266023346926678 
3.7400680374374415 2.000269194647062 0.0 
14.41138765575468 2.140449838462707 0.8860101865676342 
18.928503611624038 2.0 1.0 
6.7848212650510185 2.0 0.7860525612865219 
10.008316743576913 3.403765331185615 0.0 
2.631636849136704 5.439894879127377 0.03239424718540289 
2.0 7.178648580686765 0.04642188455873278 
5.736727592838243 2.5316626022327786 0.0 
4.55162142115318 2.059872585404335 0.9446002193116547 
2.7180231529322896 2.5148334963978414 0.11956270307538007 
19.08535238493831 3.3637905061590363 0.0 
3.378495104153829 2.750379530187673 0.29112592468608633 
2.0 3.0917058754837603 0.334661067043116 
3.7357291698732484 3.2691789311371697 0.16198274109408567 
5.590138507658865 2.104749573699308 0.9629093848007755 
2.0 9.74284053156397 0.34548258498520573 
4.557031707262268 2.272103256764037 0.21399295238404314 
