3.912195884488021 2.0 0.28796071728898887 
2.0 2.0 0.045384524644629665 
7.109687879970678 2.1624378942905658 0.0 
2.0 2.0 0.0 
60.26013302344069 3.1476502091592806 0.0014099458741415605 
6.863836450840836 3.2265075584381675 0.0 
4.925196961611858 2.0 0.0 
6.863836450840836 2.0 0.20690646012909097 
3.0164675441534516 2.0354007844196853 0.32227198549857416 
2.0 2.6974998027331267 0.02976800177600103 
3.1904233664743344 2.1884489367243876 0.0 
14.878135655824948 2.0 0.5479455524779606 
3.0009175680933913 2.0 0.085373192704205 
2.0726125829684463 2.0092548430201105 0.7286912706203794 
3.0244991877276353 2.0 0.13680014568149973 
3.930369260390222 2.1002447176338133 0.016357550506377383 
2.9349529634169733 2.000114050463359 0.21763595134263292 
18.445487496954918 2.0015678665759156 0.6368001456814998 
2.0 2.0 0.7690405501055123 
7.875575994482471 2.0198066579785987 0.32346211100242817 
2.713849770332857 2.036777517153998 0.6855983432192345 
17.160616566721288 2.0497326699739746 0.6454963575610017 
6.070706654593473 2.0 0.0 
3.1517051807993184 2.0439335345181653 0.4594634817018653 
10.649559998560708 2.0 0.0 
20.100846078349647 3.4009231467151526 0.0 
35.866468127716345 3.6081488545516924 0.2774328508430097 
2.0 2.0 0.7476768741158433 
14.141309048015973 2.036633205677207 1.0 
12.43612750386875 2.0 0.5 
10.893561645511939 3.1113878750534805 0.0 
11.196796455138575 2.0 0.3773934293150603 
2.0 2.7624079743110372 0.8933526196155932 
10.388863034540572 2.4837303873286336 0.6443149167168184 
23.593928635330215 2.065768494449676 1.0 
13.5110705465258 2.0 0.5371053128968535 
11.16117439201716 2.0 1.0 
2.0195500824276453 2.014291537879145 0.8353989928608109 
4.323733491914307 2.0 0.8982967325183565 
18.03122245130848 2.0469553626404435 0.7937706054764656 
9.279071471825878 2.0 0.5146206982378789 
3.2344596891655852 2.0421384003384433 0.7231711138622536 
5.701914819218404 2.0 0.6719802063609249 
3.803100682501113 2.102063039007372 0.8164632089422479 
2.0 2.003096729194021 0.9299273977835897 
23.093444083327256 2.8782031811449653 0.0 
12.887387001909321 3.3471255545739234 0.0 
4.998343523064109 2.0 0.23116107154644577 
3.935428642547815 2.004826076005526 0.7624236950499607 
5.814345684661536 2.0 0.8309481767696894 
3.4325589183125658 2.753349970889044 0.7852095567198172 
5.981051534203032 2.041266077238411 0.21770039163413196 
4.585473352797846 2.569951079104836 0.8945712045733195 
3.4241114749194512 2.702696822407322 0.7238271912001325 
12.80255188180639 2.1049612207235553 0.9653212430335021 
4.15856964429399 3.333190553639335 0.4193562556475504 
5.642962073586969 2.275053882984845 0.9099559239221284 
2.9042561760542913 2.0026182026371786 0.8101928036459929 
2.0 2.5572468053457116 0.11236668934521155 
2.520058521540575 2.540969404134154 0.5746911206104729 
