34.013841631218014 2.0 0.6476298408337597 
2.0 2.0 0.7209700276873593 
2.0 2.0 1.0 
7.39665199261176 2.0 0.5935883889258191 
7.129186557614103 2.076899558525589 0.8144360596794937 
2.0 2.0 0.0 
2.0 2.2470047436717757 0.9355215902466221 
2.7613883074149452 2.2704515003378813 0.41555075675955433 
30.63429792214548 2.0 0.26846129648315364 
5.428939925550992 2.0 0.8380096452503769 
4.816325868954413 2.0128419971275626 0.9691529450686076 
2.5830603662533225 2.0 0.5741135190126453 
18.952196793814235 2.1180342092052475 0.6697092557026464 
26.640009477457603 2.247207379215466 0.6280727398978113 
18.894495776833462 2.0 1.0 
8.060738747258698 2.0035014673596043 0.8519388712519809 
2.9722060875914913 2.1655099498654797 0.8946746508024399 
2.0 2.8131765202640624 0.028136266171706392 
2.0 2.0 0.2487440433416215 
2.0 2.0 0.15191681203022822 
3.348306722985692 2.0 0.5287356973972771 
2.0 2.0 0.8598500939085792 
8.689542911227425 2.0 0.9052829435790407 
11.560667860208229 2.0 1.0 
2.247774707551991 2.0026569664522462 0.30554094071286597 
2.8652950877818975 2.0064277945089155 0.5 
3.939726739193677 2.0 0.0 
2.0 2.0 0.18463614407950324 
5.498830173048162 2.0 0.7265865336746906 
2.048943412402652 2.0024851483199053 0.43066490440874433 
4.292651331357815 2.0 0.3199839646571838 
6.181576142488066 2.0 1.0 
12.583611180783446 2.0738932093826556 0.5516108236480571 
2.758462600780623 2.0 0.009047589847496318 
7.671880628438746 2.1433229894346892 0.6570237834674799 
14.394056574420116 2.0 1.0 
2.8013263632057273 2.0240319082356866 0.9688516557739069 
2.6589802148869026 2.0 0.7297700443853169 
2.874701437665682 2.4908401089360037 0.144065337985204 
9.691845244903371 2.025599097566384 0.588039631914707 
7.0366927768936804 2.3209409847734626 0.3249049370170098 
5.330519488216282 2.1448618132491974 0.3584629606169053 
5.462944563427139 2.0 0.0 
5.931884887331298 2.0298938349489735 0.3937214069621785 
2.7883755650646793 2.3665449682727635 0.3685601261752952 
7.30434696521608 2.0 0.0 
9.705874443050767 2.3036997778845425 0.47054307039915483 
3.25350511616147 2.0 0.0 
3.2718929322705854 2.0018670159781418 0.617801142183041 
10.288807433599349 2.398553903391432 0.963188669340528 
8.50386676621017 2.022779750553555 0.6865328348816305 
13.218579628462736 2.0 0.9390201678569211 
5.320512421626925 2.0140373320076796 0.20667203040299797 
10.781299418007794 2.0 0.0 
2.0 2.471478961608822 0.55 
7.626792566357605 2.0427800948122297 0.3801270633627696 
5.538508366581522 2.0 0.0 
2.0 2.00033258180469 0.5042211743436074 
4.534279688756202 2.0092631057917534 0.4546461851240655 
6.471522731589042 2.1549311771834403 0.911589615935694 
2.238204307134919 2.5641950384918757 0.16249881940973715 
13.060051167593315 2.0 0.0 
7.85269394230167 2.0591764081947206 0.5 
10.870244064842698 2.3156469422324526 0.3670289067041635 
2.0 2.0 0.008429354233696229 
3.7755873729119953 2.106697710615625 0.19858807304203227 
10.18499378121681 2.0 0.0 
16.509254368478565 2.0232779325042927 0.7393297964436477 
6.927374846022012 2.006614866085413 0.4918401244448748 
3.017339027858 2.0537498752690406 0.21201501065372308 
6.5242145431529925 2.0 0.19948646531483194 
5.3868791728508665 2.0518379935295563 0.310604195611758 
7.291153497270569 2.110859902533694 1.0 
36.58132416104543 2.0 0.0 
3.7381458986030025 2.408997276592249 0.29750080352806063 
2.8114692722155104 2.006395140785301 0.3256107728322726 
4.313453145262418 2.0245433582352397 0.588733471165324 
8.888446074872306 2.421487291503892 0.4357567339378432 
7.924128243161988 2.054965436594231 0.7849902171256786 
3.4451508198333753 2.877751907687946 0.008233612814936897 
5.73194038741118 2.0973196407607264 0.6015077681411943 
3.4961730331363094 2.1883209136204442 0.30003361068108747 
3.5347983414156925 2.2818330772665814 0.36392678525122685 
3.7135955411092056 2.324120078008293 0.9921068082336209 
10.456190560047856 2.6364058224185647 0.0 
4.157511565802971 2.0331394752790732 0.2478302965736467 
2.9800880124171782 2.0298296543031373 0.7968854888986995 
18.30262055142693 2.0 0.0 
14.79414233353205 2.304673920160718 0.9118180164429202 
2.0 6.661837599274159 0.03948094908727197 
7.451148065491451 2.0 0.9166286024546981 
5.4407204284513115 2.653492413521738 0.12830529637950006 
13.195402841313847 2.7724290611527245 0.0 
2.4503057606686616 4.194410053438946 0.2145059188615992 
19.63279342944965 2.0 1.0 
3.3566912452748667 3.0748523609599587 0.12758740688722883 
8.859365525342538 2.5075517962955374 0.0 
10.811349987822474 2.712056972334407 0.0 
7.899974174570776 2.825488133034608 0.0 
