39.75528886378514 4.000358938869731 0.9947955065836056 
2.0 2.0 0.0 
8.05 3.211761073373575 0.5 
2.0 2.0 0.006475623339639802 
4.737700862029074 2.0 0.0 
2.0 2.8773269890742355 0.1644471269007811 
47.06782938007376 3.215529589656222 0.9641373278660128 
2.0 6.081768563149289 0.0 
2.0 6.478403674510109 0.008059601264043703 
16.042583612881657 3.2268213593834854 0.02016345684051937 
2.0 3.840171290294604 0.6411249434069566 
12.150170035184154 2.9728123385776466 0.009656014659343674 
2.0 8.833848126779447 0.0 
23.984693024589205 2.607977083014837 0.7220600209253568 
2.0 5.182951443625306 0.28659813720331984 
2.006665088740666 9.765272275026149 0.0 
2.0 2.971526579991118 0.6090274635610685 
2.0 2.6235167135511723 0.04552134768056143 
2.2599770135421533 3.784920372502359 0.6592404081757475 
2.0 3.597948115107169 0.39105339139393613 
2.0 2.8150407316282853 0.28094344703685203 
4.181737063501038 2.10434988885267 0.04756804758523957 
2.0 2.995704798105574 0.6404292042699735 
2.0 3.8193051397704614 0.7518038687619 
11.09534311972209 2.0 0.0 
2.3776413719300593 2.533462004266182 1.0 
7.516204127387208 2.5670452802642054 0.1954834090104927 
2.1375291437574666 4.494578535770421 0.5683235662207147 
3.195205711946748 2.723195473126047 1.0 
25.293858661784878 2.0 0.0 
2.0 3.6629860394891725 0.7662428758107229 
3.138934845129945 2.0 0.08242345533265899 
4.259904178058558 2.277782936771823 0.0 
3.571279935501021 2.8520052910598186 0.22051815376050224 
2.0 2.742831461695395 0.936494991266937 
3.1220415643606305 2.0 0.0 
2.017307435744624 3.557759855404321 0.5323567030224279 
2.0 2.896359728516118 0.2543871808119471 
2.9089453513998222 4.0023474574933715 0.5518395158420256 
2.0 3.51595101577058 0.27114969259385824 
2.4973486571521892 3.4611661032921113 0.38441715681557664 
3.3081137395249343 3.1752347103946996 0.7878124723300153 
2.0 3.439240729825275 0.5740881303406249 
2.5362924199447674 4.267840015849233 0.275075238529949 
11.095714268271589 2.738483779477418 0.0 
4.636502646796735 3.0823667500448684 0.6573743343766081 
2.601105505190174 3.369120155320204 0.5744771090802563 
2.0089668902135562 4.291139262423994 0.8265257286002059 
4.870909734324534 3.4117022175147396 0.5217318450896445 
2.0 3.297556726737157 0.5355434978318717 
5.502977941689685 2.9307309683247293 0.9856452119485085 
6.077772342138456 3.3288175092188537 0.715271330478475 
9.274590268774675 2.9341631908830985 0.0 
6.364813581708131 3.0224469287019073 0.0 
7.990975554631155 2.961068733206904 0.9884625970780715 
9.718418629515101 2.974478466959883 0.575340163872007 
