2.0 2.0 0.0221373334408258 
2.0 2.7046133450927528 0.6234327144510863 
44.21923718490735 3.320247942456414 1.0 
2.0 2.0 0.0 
4.976489787232964 2.0 0.0 
2.0 2.669640875206112 0.41826298840887977 
2.0 2.601860424695856 0.5702087874320877 
2.0 5.185358282124029 0.0 
6.0696968457388785 2.0 0.0 
2.0 2.0 0.10937279491099305 
2.037405148646349 3.1161476207778698 0.05 
7.076624936762583 2.0 0.0 
2.0 2.9042597639414036 0.5 
37.86363849988898 3.5196382173448386 0.27840127083169186 
7.723848064568499 2.0 0.0 
5.056219575641035 3.1909221645333723 0.0 
2.0 2.0 0.17166640857236562 
2.03740514864635 3.0746220010684304 0.4118449762222018 
2.0 2.5870078313748475 0.32992844285513845 
2.0 3.8895046083448506 0.0 
2.0 5.857979948688219 0.4492509528413839 
2.0 3.0576674193226703 0.7250389783525164 
9.090784700686415 2.0 0.0 
2.0 3.0073806006854706 0.48712526481126495 
2.036742515506898 4.388788706828935 0.28531338637613946 
2.7778351593210555 2.7180985540643388 2.895361739300085E-6 
14.65042718172406 3.2309694047785458 0.0 
2.0 3.1865061083644357 0.7847306573339606 
2.005362384394559 2.8882797507088163 0.17807706496547027 
2.0 3.2057539152930397 0.0 
2.0 2.9923398058502975 0.9062488888405926 
2.011119699748502 3.8457870928127256 0.35879234574397 
2.0 2.790463412399051 0.8442119271109747 
2.0 2.9622389668683184 0.23738399373214647 
2.0 3.0918484501014625 0.957954106197724 
2.132383115137954 2.8457425523414583 0.5351289495753202 
11.531924123314129 3.2561770191404205 0.0 
2.0 2.7938995452012985 0.709309078162904 
2.0287432484503967 2.8175972851208417 0.8972905755903331 
2.0 3.423874428250568 0.3659664849982447 
2.0 2.583541588465505 1.0 
3.4821622484247925 3.2826181125370266 0.15344174691337958 
2.0 3.341916167495738 0.8237504381923801 
2.0 2.6607142515461994 0.6625154676172895 
2.0 6.218358607649206 0.2104785100935347 
2.0049511667816464 3.287952594470977 0.20972722320016496 
17.162784592784654 2.838420740364735 0.0 
2.0 3.683221123096656 0.3061587340405969 
7.829783589595053 3.447545406627219 0.0 
2.0 3.531668315483678 0.1415437235445667 
21.035655520234783 2.658177730122714 0.0 
23.287923785603915 2.648614824421345 0.0 
