2.0 2.0 0.0 
2.0 2.0 0.23264693988797627 
3.1317944842179344 2.0 0.0 
2.0 2.2670457825962442 0.18495267964055662 
5.887162011510612 2.0 0.38487217570248433 
2.0 2.0 0.5120502596085347 
6.469639898769188 2.0 0.0 
2.0 2.625343609320187 0.18064978565582412 
2.6530460599196366 3.475534174737854 0.00384040382228229 
2.0 2.0 1.0 
2.0 2.0 0.5369622690786797 
2.0 5.65321323833452 0.3776744285345655 
4.4034430746504025 2.0 0.0 
9.949409137284606 2.0 0.4698141943866261 
4.436690176163441 2.4952268158038633 1.0 
5.241857614531941 2.0 0.48979841831786347 
31.93018599899893 2.0 0.3420375242325293 
4.343292735980915 2.0 0.226990977385503 
6.936655039652629 2.0 0.5 
5.44513562773276 2.0 0.0 
2.0 2.0 0.7300039815880115 
8.37731389459536 2.0 0.8378953912211242 
2.5566863122559753 2.333702402505651 0.5680223957606587 
2.552682933498313 2.3688997349411522 0.3402907130915926 
17.194914456999513 2.283219649429615 0.7249762160285697 
12.731844673173278 2.4805111201781553 0.5009212577066444 
7.438052432453134 2.0 0.5429700871500028 
20.124578636167854 2.0 1.0 
2.0 2.0 0.05 
6.386117660514605 2.1646450004895406 0.6565615874436821 
8.05 2.1803774246265815 0.6498958000959474 
2.0 2.0590907541793166 0.4433478337169233 
2.0 2.0 0.15600300363985842 
2.7610921969290496 2.0577767228112798 0.8106928406551137 
7.8621050389056295 2.0 0.4739823189531148 
7.315216035358155 2.332465587864758 1.0 
11.00383600806286 2.0 0.0 
2.5094043103255306 2.2047606137962035 0.32073174471438315 
3.218940073961826 2.0 0.5539986584921089 
2.861633087389047 2.0 0.8910250263343495 
7.124475769610765 2.0 0.0 
4.8863910706020395 2.3998580302856474 0.2833781549761012 
14.56606522312913 2.0 0.8000450972877017 
2.0 2.0584512029001374 0.8601727634923882 
2.710644461794166 2.4564033262065164 0.7350079517230912 
3.048978738763161 2.088005848580571 0.6368741935673082 
3.3015896580118027 2.0 0.5 
6.101274443837884 2.0160232374487608 0.9571005353205413 
5.345173039760013 2.032961335323602 0.9683126011956499 
2.0 2.0 0.9361760474045524 
10.313792462225548 2.367015365980481 0.5699362656381748 
14.148891259198496 2.0 1.0 
6.590437815792559 2.035954163786679 0.23442667927617233 
3.3203360250334732 2.689640113008628 0.1302228392654108 
19.03016377035818 2.0 1.0 
2.3340594105687456 3.0448975759431636 4.871251436502355E-4 
10.13354207718142 2.016613208105339 0.8816651584416886 
17.51070032922633 2.0 0.0 
3.1680074334221704 2.0 0.2167314080374686 
2.0 3.3377754191854305 0.07797930569322237 
8.801052561564948 2.139639795132126 0.36036328924501565 
5.3756444785818935 2.102694668363797 0.3435152806389848 
9.667670799587222 2.0 0.0 
3.3139204495135646 2.0650807360222507 0.951304336652151 
3.372263533434543 2.095520516935821 0.4322766029774712 
7.703237021888924 2.292157764563739 0.3940057318088036 
2.779747745499866 4.760555578012104 0.18411724796732565 
4.977211553934584 2.0 0.8456588509985252 
3.6613709325549753 2.1218346720396757 0.57014032037962 
4.359440919442527 2.0498589621143215 0.30570214461453715 
8.39976249162686 2.0 0.7437833711933576 
25.814612111466946 2.3347629210583767 0.8894174507715995 
8.999544640830852 2.1514389870728268 0.7314768407295577 
4.293832722789261 2.382617626203083 0.3815300522135796 
4.019737924753473 2.0 0.2932461024092238 
2.0 4.399987164809271 0.2245740100879715 
6.083543066650668 2.0 1.0 
3.2894003724650682 2.9830572205720576 0.2975926805198403 
2.0 2.668252063159447 0.33305475938693463 
6.486891882222963 2.921450792712381 0.0 
8.63711358441975 2.223479989650501 0.9178076610620465 
2.0 7.450013056462501 0.1324657656174934 
4.713247842921884 2.0117573488249847 0.7316851277447365 
12.284449561461143 2.0 0.9342770062273287 
8.979384881650084 2.5351521769686047 0.0 
6.9490734165010615 2.2622966418279224 0.7895346616813963 
7.922988134195839 2.6084899086023263 0.0 
13.161811087545912 2.0 0.0 
6.974909737653423 2.0 0.8989584987667377 
13.258700871378117 2.047340696695795 0.8638957746084662 
38.83974781083197 2.2472299660479886 0.0 
12.693512413924914 2.916949246486815 0.0 
10.075599638590829 2.7255352948354297 0.0 
10.914948441441574 2.993571375734474 0.0 
19.395514764841195 2.0 0.5235613872798869 
4.093039582989428 2.6123442575620013 0.17655931868647068 
2.0 2.0 0.13144177211704716 
3.6174117006058872 2.7648689342262545 0.29733653698031726 
2.0 10.312643336394636 0.2559662870527677 
5.215195299613371 2.030679716505229 0.2247811264385458 
