2.0 3.1765221221467033 0.6631569111863403 
2.0 2.967389818377952 0.803029598004166 
46.357382014130444 3.286729607870914 0.059711174826766494 
2.0 4.423296163103926 0.27418764941258755 
2.404370214500764 2.814973769824173 0.534272176856564 
2.0 2.787932326494569 0.4790333083345716 
2.0 2.654787128558614 0.7157247196336436 
2.0 3.5469338130457873 0.31341656917400873 
2.0 2.0 0.10908089211460087 
2.364177483521138 3.065943352596402 0.489133381934873 
2.0 3.0966783272357596 0.8324788430522764 
2.0 3.3331827459524863 0.44209290872168217 
2.0 2.0 0.020366358988059607 
2.0 2.892110506291517 0.7632803138475728 
2.0 3.370602184174704 0.6090808921146009 
2.0 2.0 0.0 
2.1870789122055774 5.879931460387315 0.46451421048612856 
2.000172854484444 3.070024016523085 0.9911865441652865 
2.0 3.1162186996554273 0.3405566308999234 
2.0 4.255128786260934 0.3639888680429357 
2.0 5.8955777505745965 0.21620721716925595 
2.1537303738907587 3.4835741502670676 0.6813952060765003 
2.0700926245262354 3.107421172948336 0.24612993780687809 
2.037113998915833 2.7301368138689868 0.5696416942217805 
2.0 2.7880668782522795 0.9005395950932915 
2.0 2.6214502254607437 0.38565417798537155 
6.36184674446735 2.0 0.0 
2.0 2.958768439707968 0.17920862120405612 
2.0 4.078113120914453 0.0 
2.0 2.977714814283095 0.9429234922239738 
2.0 2.0 0.15574150826530236 
2.0 2.7349031883127 0.0 
2.0630885663153773 2.8413800310447295 0.03311531749009605 
3.098482751723507 2.598797377334948 0.014445382784820493 
7.227914409821249 2.0 0.0 
2.1264989896066426 2.6780133582979966 0.9020368686540581 
40.93401482437551 3.581825334612393 0.49427834297095785 
4.673880831163501 2.0 0.0 
8.81963008478607 2.0 0.0 
2.0 5.391260954235801 0.0 
2.0 3.1079242902676585 0.33507658939548013 
7.887396356443965 2.0 0.0 
19.652868397970707 2.983971986635529 0.0 
2.0750405889232364 3.223262995480455 0.19611443756090632 
5.0878078385264764 3.210584239685364 0.0 
2.1701666366416235 4.3232347449583175 0.1470354240910527 
3.077464388348009 3.3025067212484878 0.12894672222759102 
23.06878719978109 2.6486596660429487 0.0 
15.329933125655423 2.525947861200504 0.0 
7.8296580174045864 2.6639610079226115 0.0 
19.160652527999964 2.6871980235484667 0.0 
11.70301130183337 2.6947735313564554 0.0 
