34.52132229481747 2.0 0.4588185798526009 
36.609375891756926 2.0 0.0 
20.082621161146363 2.0 1.0 
2.0 4.377191143424246 0.24157794644466862 
2.0 2.532402707665007 0.18533184052958768 
12.435991598107538 2.0 1.0 
3.187111288763859 2.0 0.55 
7.988369897182196 2.0 0.45819568187383375 
18.845061492284533 2.0 0.9816238803563822 
4.120821131741888 2.0 1.0 
2.0 2.0 0.02628384439569545 
2.0 2.0 0.0 
2.0 2.0 0.12224155180116741 
13.815282542391515 2.0 0.9690457505272966 
16.729556503840335 2.0336335142193596 0.7503734755741247 
4.200291370610938 2.0 0.0 
2.110801449027605 2.0 0.538429515649167 
4.96000830458793 2.052963318538278 0.0 
8.160442874621877 2.000007143348225 0.37135913728379977 
7.41213373640133 2.0 0.48036909758207536 
2.0 2.0 1.0 
26.489153948508257 2.116312543368089 0.6360074112214292 
5.181667796218939 2.0 0.7294433101149991 
2.8162501056128484 3.1251787077708526 0.2867774440412506 
10.39336094834669 2.0173558426918623 0.44308735136672617 
6.65552496624165 2.0 0.0 
5.786484954009687 2.076775318560706 1.0 
10.445558156266237 2.0355628989913543 0.0 
2.0 2.0 0.5171543339820399 
2.0 2.0 0.7080870383837491 
3.817092490735318 2.6354403825390005 0.2707743938235301 
3.343473207619875 2.887819384985382 0.1958828637663111 
19.101393339608805 2.0308365125469603 0.5411366615925484 
4.094077518447402 2.4985365629817293 0.2585630137131239 
4.365762997001328 2.0002260644290573 0.5863581256578048 
10.770510076158676 2.0 0.0 
3.430377804213089 2.0286767149782716 0.4254496409326821 
4.4623482455982035 2.0005710908818117 0.36700622186528364 
11.255614812446568 2.0 0.27767611501006917 
2.0 2.0 0.2356086223807802 
6.081152123846675 2.007193350341916 0.43355053951474753 
10.231064634010552 2.2488506299019186 0.580437216841295 
2.0 2.0 0.4481236450224936 
6.185439291112389 2.034369600795372 0.0 
3.8906472144343525 2.9532732573683034 0.17600988073216195 
7.710273135161568 2.2256607872126 0.7351632083284583 
9.617659463074151 3.249206576677851 0.0 
2.0 2.0 0.3132678084059096 
3.3343423965707304 2.041526672273548 0.7148183474151083 
13.39496890572724 2.084876376189836 0.8366554548558636 
3.279570969085258 2.064523725806297 0.6331116087489894 
9.41459466841434 2.0439387912962896 0.73725868344747 
12.921853490532982 2.0517248485334627 0.5418298681750394 
2.0 3.3751380050884894 0.011330675188139822 
4.541204016065835 2.155971756451527 0.8645106258829129 
12.543236484827894 2.0882508168107234 0.0 
5.952874855557582 2.0 0.6211236576077902 
2.875078689987272 2.0325844776928026 0.7900027974486988 
2.0 2.0 0.8693098182172909 
3.0044212605658163 2.0182990297616095 0.49311872009657814 
4.682121754120251 2.0560477407340096 0.4675253333026326 
10.227972805825186 2.0 0.9489592922538563 
18.274572296365527 2.1362242325178076 0.0 
14.512095282520946 2.0846907336131317 0.8396435745069788 
3.4979125156634066 2.0 0.0 
4.644084127668927 2.0 0.29000279744869883 
2.0 2.2217780664457982 0.9409064585817762 
6.856924050917583 2.0 0.25990502797776643 
7.566556976627865 2.0 0.6212513501495512 
19.14157134021628 2.9486771056183705 0.0 
2.0 2.0 0.16401914417775648 
8.540504949308932 2.0 0.379077382037955 
5.089423524656163 2.1186792308740507 0.2074048552992767 
3.2846791118624394 2.3994075897349614 0.3049310959180741 
2.953839858114754 2.0 0.5962994634114462 
6.510850466131075 2.043319481354905 0.5560192964894215 
11.01759240887834 2.5939805611681708 0.0 
12.771462963015107 2.737567226332955 0.0 
9.024180135660071 3.429447723829644 0.0 
3.142940129450988 2.220163839839771 0.8652872657415772 
7.64423148047076 2.0 0.8444045741106871 
6.831067433765134 2.377557697351716 0.9458611907341914 
2.9912149689042984 2.0 0.9415541112067664 
4.205515478879079 2.038912704779328 0.3166114727235186 
3.864374716570209 2.222477306803787 0.2448827643415507 
3.0463891601101585 2.7350151757460965 0.05500651170842791 
6.697357302251027 2.0 1.0 
6.280340488286973 2.232286679967806 0.909176481154284 
3.2550828648923593 5.0927438290946 0.03169855384761687 
4.891876728276799 2.0076590354261628 0.3515951477146397 
8.935756580261108 2.0 1.0 
2.53744162767439 2.1985721847915314 0.34106516168160145 
2.403572310469817 2.9389432023086557 0.10979773835653989 
5.307272928833855 2.0012847109449576 0.9886054882187196 
2.2539190490851766 2.6706359674705253 0.31195551086329254 
8.18553832954386 2.9986725300731045 0.0 
6.796631522803352 2.430167830532619 0.8159153711863554 
5.989411661269781 3.4896443648648687 0.0 
3.491000915583976 2.2419213305056966 0.15034542953751773 
30.692996213964207 2.0 0.3080992764719058 
