2.0 3.7897079137924905 0.26199585704543543 
2.0 2.0 0.0 
2.0 2.0 0.15167948962356226 
8.62383892412798 2.0 0.0 
2.0 2.0 0.11404325658196308 
2.0 2.0 0.04225208491769683 
2.0 3.3581677201897633 0.5303969550884358 
2.0 5.95 0.4673724607981641 
5.705941251481738 2.0 0.0 
2.0 4.683376173430709 0.0 
7.898753090695931 2.0 0.0 
2.0 3.783143118062587 0.0 
4.660789816016292 2.0 0.0 
2.1191337046175853 3.1642193958542713 0.5177162421685256 
8.355073077082693 2.7377796722618406 0.0 
48.17440080226394 2.5480996023600158 0.3986164316043571 
7.267140141152478 2.367292885187511 0.0 
2.0 3.363205192156311 0.0 
2.2690691014937845 4.037972493369601 0.14075245044596285 
3.0042756360988703 2.671897481616281 0.057439467182421385 
2.1753366460574055 2.7650885808937313 0.2510297117578166 
2.3904131662541124 4.0097142571923134 0.38414707850479474 
2.0 2.8154825172199467 0.6139415152305971 
2.0 3.0521636969005357 1.0 
2.140502640087731 3.142984718105767 0.05 
2.1977049046980173 2.686953333990263 0.34097839695186477 
4.551919636380261 3.492296117786018 0.0 
17.15200219713333 2.9493427529870146 0.0 
2.0002002331745694 3.577587727616964 0.3486318025715295 
2.0 2.694972104643647 0.589236223826638 
2.2160284203236165 2.7699504698909045 0.753961729465521 
2.0 3.1729231211785214 0.32346017001549476 
2.792022308033071 3.3478225498063567 0.1635240958272625 
22.615168229629987 3.236754611617245 0.0 
2.0 3.0190909388290956 0.4414714340753395 
2.039192095659093 2.5228477796938145 0.9660793865414509 
21.519073168808035 3.175761776579973 0.0 
2.0 2.9282409248376817 0.686441396356837 
2.0 5.671127677340651 0.21804721792072268 
2.0 2.818167592025758 0.8092182310101881 
2.236163611582483 3.1275186725216653 0.2220578773061111 
39.44870025825223 4.417566582551618 0.40682604529380906 
2.0757075541241266 3.42910059321595 0.1507544386782908 
2.0 2.563574922690234 0.471918002281419 
2.0 2.860605252049949 0.7286302141528033 
11.875293032174453 2.9268711048320006 0.0 
2.005032997556139 3.144302271888865 0.6689953520196996 
2.0 2.5869937998066854 0.8609706291530472 
2.0 2.5726240084085963 0.3932525887017084 
2.011939514567312 3.3524331003706047 0.9186625561870144 
2.0 2.727387228938726 0.8796820757158264 
14.56153983322146 2.8875041753894894 0.0 
