2.0 2.0 0.012064462076196908 
2.3728045748995115 2.0 1.0 
2.0 2.0 0.7083830675325021 
32.64015856043808 2.0 0.04916510066818469 
8.05 2.0 0.6530163132114566 
2.0 2.0 0.0 
6.330155257382188 2.0 0.9139365221527682 
10.260607173528154 2.0 0.5 
25.9581938568211 2.0 0.8374595152380107 
38.18295269549716 2.0 0.0 
8.17260417455924 2.0 0.5 
2.0 9.599733026217729 0.3422530110767128 
9.719186571157657 2.344934019854983 0.4421881148242369 
4.493583957154449 2.035112192974197 0.301350869706624 
4.409002748088666 2.231336197506421 0.9921357237162799 
2.0205820860825447 2.0 0.17394456497835903 
2.1753641741107304 2.0 0.1024475249621083 
6.904116759018083 2.0 1.0 
2.564403149282967 2.0 0.5 
14.012829795950005 2.0 1.0 
4.551792796993148 2.4086653654638153 0.7447994394988822 
18.66213887112316 2.0 1.0 
12.241614342325718 2.034952918032809 0.9735053378356289 
5.1406451694458495 2.0188789254612907 0.33906686820258813 
2.0 2.0 0.45 
3.5529709484831113 2.0640893945054133 0.24173612114609633 
4.706448675230371 2.021692363266609 0.26712136385279917 
2.0 2.826427961883307 0.04490852700657977 
2.0 2.0 0.5395016305201367 
7.709869319588749 2.04325800407088 0.7192259731569262 
2.0 3.086639843012383 0.3179408250193682 
3.3260143030974394 2.0515619304420927 0.3009599619887606 
5.224862281124554 2.0 0.8574984347243262 
2.803732674567229 2.0037946873030714 0.21922597315692616 
3.8720149145704 2.439635779347271 0.5696667574440921 
6.104830486748102 2.0 0.6393680282782637 
7.766764836390096 2.0 0.3625284321313582 
4.8339058359929705 2.164957213536411 0.1896058330224893 
2.0 2.1726510120535596 0.9560437374212083 
18.695490569130886 2.0 0.6445048305146447 
3.1198316993587984 2.1749059657327945 0.8162758339312458 
8.940941608376988 2.109637749399721 0.7287985365803844 
6.970284429904641 2.246679852397465 0.9230969995728353 
2.0 2.0891521386072696 0.2477908309765454 
8.772484479773647 2.253128814021488 0.9069121001027696 
7.1741532372767045 2.052215637791 0.22543693435400014 
4.497579396895446 2.1526971445105256 0.0 
2.0 2.0 0.8623656739655702 
10.217862380398708 2.0 0.0 
12.84538869849238 2.0 0.9684921859439489 
2.8254272060542087 2.0 0.5693069003800251 
2.644088490542006 2.0 0.0 
14.99759329041798 2.0039713320884958 0.8790666504286785 
6.893732951282835 2.072867046466061 0.4352552821040844 
8.94897639461349 2.399804419345101 0.3815097390694597 
6.559142022846509 2.1276628832418285 0.8476584532429063 
2.0 2.0 0.5241729658359974 
6.7575173929077845 2.0 0.559074871273587 
5.818191121943813 2.0 0.4448677687593711 
6.3208927574665426 2.1679518402835614 1.0 
4.439033588342916 2.0764394629305336 0.3525296748197744 
11.171341215368363 2.0 0.0 
2.8841509676994486 2.6993533155205567 0.059074871273587015 
10.292210676711587 2.0 0.8957894579733086 
20.072810281225827 2.1155791440936174 1.0 
7.703179558320646 2.2046068902509615 0.8313440987930798 
2.623819549057771 2.0 0.9679287974782477 
13.25977236814081 2.0 0.0 
17.523664196925836 2.2847594581742787 0.0 
5.465328374354194 2.267159738401145 0.48662904527501916 
2.524975277167804 2.433444130476064 0.3656640820795049 
3.240795886561404 2.033464505528762 0.14623826022745143 
2.732286749001684 2.6835176569082493 0.15953009061086582 
6.57362413850153 2.2762704796754045 0.0 
2.882809901995844 2.0330320911126902 0.8755393108611624 
13.441259469973547 2.4479162612871663 0.5 
2.7947537412546843 2.1504836070958584 0.43257873779925654 
2.89498256407704 2.1017220134561003 0.7354605919226499 
3.091386442101187 2.523651372645836 0.327941907697877 
5.787737827459423 3.4226423280642733 0.0 
17.063695180069892 2.0 0.7442751535006923 
20.45585236838154 3.1381708527354473 0.0 
3.9231220267990374 3.4781910333081987 0.2267969466311719 
2.847581311462868 2.026097395668634 0.5448532245572767 
8.975655954090945 2.980448477889376 0.0 
2.0 2.7869058577723473 0.17201722437447764 
7.65969155214778 2.5088035154213704 0.0 
5.118176740213826 2.0 0.0 
4.475034375172978 2.0007988564481374 0.31193301391506767 
3.319466167664044 2.2515582091040622 0.6283030341355093 
2.0 2.246859437032525 0.19381479499456372 
11.355067734406443 2.6004685892572357 0.0 
13.229223931802611 2.507814375412411 0.0 
9.725986995873043 2.7262699651969142 0.0 
4.26158882689796 2.9414934510521062 0.185305492574957 
2.805924971409776 5.393596629916908 0.12094764283739962 
2.0 9.010914422774004 0.30429908709423803 
6.244531129587349 2.354153082037711 0.0 
2.0 3.18253496072607 0.0782434208070682 
4.995843107233913 2.2640603099298806 0.9567070147884524 
