2.0 2.0 0.0 
59.82964677709861 3.0467254823063064 0.4514987371952379 
25.22865721928808 6.406633657900908 0.34693379785164147 
2.0 2.3278817519164967 0.029845540935120318 
7.291597853123605 2.0 0.18227033856870423 
2.650407739240908 2.0 0.0 
6.426018026089782 2.0288511477087248 0.8920275666248715 
9.359980838724429 2.0 0.44999999999999996 
2.0 2.0 0.7356359514320165 
3.4679944656084887 2.0 0.33589488134211665 
4.071790332951291 2.011152577803241 0.7250561815273828 
11.565805666414487 2.339917681005198 0.5 
2.1012390837250448 2.681371682026998 0.0031053076899032073 
3.7711108420036386 3.129340675306026 0.39120866638820184 
13.770517768370716 2.0 0.9893732312157579 
7.0161498012271055 3.044607949120055 0.0 
3.0860345051957285 2.0 0.0947791167329073 
5.2919734992820455 2.0 0.0 
7.100473120792052 2.290843140012685 0.0 
5.795081890554779 2.144167769753851 0.0 
15.475114798636616 2.0 0.44502389630963857 
14.374081532253385 2.0 0.6423945717603361 
3.6486330251886265 2.0 0.7900511759957065 
17.78181368563302 2.3966045208494884 0.5 
17.38300157392702 2.0 0.8146976874394385 
2.0 2.0 0.715482331704405 
23.96830889591536 2.0 0.9726485424469113 
3.0172253821519153 2.7988890647676046 0.7396056812279206 
11.014701760245561 2.1207241184873746 1.0 
3.0011171362213416 2.025792673111991 0.21905776273196403 
2.0 2.0 0.912376318486243 
2.0 2.0 0.7745904944732834 
18.48717087142653 2.1052517864700513 0.7903856586002533 
2.0 2.0 0.8490996933739415 
40.624375925254846 4.39105764270505 0.19769852002643362 
8.05 2.108602269927062 0.3916015186294646 
5.877020956894292 2.2103343430709463 0.2066893383704831 
2.503348916282299 3.3283082129728463 0.6967528737912582 
4.387626353538463 2.1198438733293465 0.8239972527920422 
10.578292251031872 2.356698952667228 0.29723692163887383 
4.958070703543466 2.0 0.22186608940357092 
12.592143817615327 2.2837577954512187 0.9818702933452499 
3.6968223342627953 2.320230162894829 0.042894298913594406 
3.4389722796430124 2.2929853708340504 0.13556418177987606 
13.047147879959034 2.5464821001604174 0.0 
11.314392846196252 2.0 0.0 
2.0 2.5106136341736427 0.09913793268222948 
10.834114984921648 2.0 0.9149903127812125 
3.054409599747192 2.0005454529747975 0.452641398740513 
2.838354123703261 2.0 0.7981693583578586 
3.280993594912566 2.006438619404383 0.8468430791149888 
3.809160233853869 2.0021031800840765 0.29034088343180875 
9.572904248538109 2.048002319503398 0.6795656689934175 
3.625958694975144 11.935966045921493 0.0 
10.828037561778315 3.3065912001048208 0.0 
3.6707629203840626 2.122451710558847 0.8626704031427235 
24.287516719181326 2.912993530930352 0.0 
3.1180433809048553 2.8674832785365605 0.6362928266614386 
6.206537413575068 2.384020766016331 0.6790406025580809 
6.221689049874553 2.0 0.7467373160598587 
2.0 3.148222464866808 0.9007793010551978 
2.293159625141329 3.308424549591238 0.8474518272774367 
2.5251635664028678 2.9598437346736395 0.601832513853029 
