0.412360000000 0.103480000000 0.094641100000 0.097395800000 
0.832464000000 0.000183395000 0.000143403000 0.000147903000 
0.448877000000 0.033765400000 0.032526800000 0.033444900000 
0.530471000000 0.024975400000 0.023068700000 0.024161300000 
0.445776000000 0.092156800000 0.087189900000 0.089683500000 
0.138669000000 0.231124000000 0.221532000000 0.228493000000 
0.640419000000 0.008716920000 0.008176910000 0.008442830000 
0.835548000000 0.000142314000 0.000115598000 0.000110237000 
0.666303000000 0.005548460000 0.005240350000 0.005404130000 
0.496642000000 0.032679500000 0.030363300000 0.031635700000 
0.574325000000 0.016719200000 0.015934800000 0.016424900000 
0.084604700000 0.245215000000 0.237309000000 0.244065000000 
0.548753000000 0.022997500000 0.021180700000 0.022265300000 
0.493326000000 0.035007300000 0.032038000000 0.033714100000 
0.738358000000 0.001717360000 0.001644100000 0.001687940000 
0.542570000000 0.024629700000 0.022615600000 0.023781900000 
0.445821000000 0.086620400000 0.079209800000 0.081677600000 
0.527355000000 0.026669100000 0.024569700000 0.025751900000 
0.675727000000 0.004414940000 0.004211420000 0.004345890000 
0.041365600000 0.289774000000 0.282049000000 0.285934000000 
0.829471000000 0.000258416000 0.000220973000 0.000231715000 
0.601996000000 0.010341900000 0.009833320000 0.010186000000 
0.730788000000 0.002682510000 0.002530080000 0.002609240000 
0.533793000000 0.023863700000 0.022623000000 0.023291400000 
0.831217000000 0.000254231000 0.000202246000 0.000220666000 
0.580588000000 0.016811400000 0.015931700000 0.016522800000 
0.039663800000 0.306313000000 0.297956000000 0.302221000000 
0.623030000000 0.008894210000 0.008282330000 0.008542330000 
0.650707000000 0.008528520000 0.007968360000 0.008301840000 
0.755389000000 0.001424690000 0.001368780000 0.001399450000 
0.502655000000 0.031126600000 0.028706700000 0.030050000000 
0.049328300000 0.277246000000 0.269315000000 0.273680000000 
0.515146000000 0.029663000000 0.027226400000 0.028643500000 
0.051910400000 0.273498000000 0.265907000000 0.270653000000 
0.551425000000 0.021535900000 0.019899500000 0.020823100000 
0.518807000000 0.027765000000 0.025924900000 0.027021600000 
0.786110000000 0.000841764000 0.000800910000 0.000816869000 
0.773407000000 0.001215880000 0.001143230000 0.001173780000 
0.028432800000 0.402012000000 0.396043000000 0.401629000000 
0.494054000000 0.034029000000 0.032038000000 0.033101100000 
0.793742000000 0.000731432000 0.000664557000 0.000679274000 
0.027763400000 0.406696000000 0.400567000000 0.406030000000 
0.571977000000 0.018075700000 0.017271300000 0.017901700000 
0.029630700000 0.381211000000 0.374829000000 0.380207000000 
0.553606000000 0.021385000000 0.019668900000 0.020669800000 
0.557746000000 0.020314700000 0.018792700000 0.019692200000 
0.547824000000 0.022991300000 0.021365700000 0.022219600000 
0.492458000000 0.034136300000 0.032193400000 0.033653100000 
0.033156400000 0.367311000000 0.361720000000 0.366718000000 
0.502234000000 0.031439100000 0.029889900000 0.030890100000 
0.513048000000 0.028872600000 0.027251300000 0.028272400000 
0.029203400000 0.390222000000 0.383769000000 0.389344000000 
0.585970000000 0.012860000000 0.012267500000 0.012685400000 
0.710093000000 0.003640660000 0.003438500000 0.003556690000 
0.582351000000 0.015152500000 0.014471600000 0.014976600000 
0.511109000000 0.028721800000 0.027411700000 0.028440300000 
0.564373000000 0.019533200000 0.018316300000 0.019096000000 
0.836594000000 0.000146742000 0.000117982000 0.000110062000 
0.519737000000 0.027535000000 0.025576500000 0.026749200000 
0.553035000000 0.021168900000 0.020181800000 0.020911900000 
0.524695000000 0.026081200000 0.024745000000 0.025516700000 
0.723333000000 0.003311850000 0.003154960000 0.003246820000 
0.659220000000 0.006891370000 0.006650120000 0.006868850000 
