51.48188650331599 3.2886566482788986 0.29164826861526477 
3.554931130254821 2.0 0.04707220945295648 
24.015828873038117 2.0 1.0 
4.270606589374597 2.0 0.7720890897428407 
24.853779235749943 6.2001609005801495 0.7102836391907117 
2.0 2.0 0.0 
9.31190099846828 2.0 0.49130637585752274 
2.0 2.0574187795120618 0.018785162087836687 
14.96378585843467 2.0 0.4218913268935653 
6.205582507931531 2.0 0.9624029098199172 
17.089768458618806 2.0 0.6923881009640228 
3.2682330017982753 2.012958295383076 0.0 
2.0 2.0 0.73317694393547 
2.0 2.0 0.9204872265860095 
4.989639775283742 2.313501902285169 0.19737153254633777 
2.0 2.0 0.7600347347799133 
39.82904405578136 3.774558028774671 0.23086119928522666 
3.488206242493254 2.0 0.80211285790965 
7.579517371900506 2.0814245541516874 0.39528942897394237 
7.155136488356398 2.0 0.0 
2.9860685890298524 2.243039105816466 0.08730319063800965 
12.406043284818423 2.0 0.5319661418830283 
4.41968784084343 2.0 0.2656041238424842 
17.994203478434798 2.0 0.8679274240767573 
2.0 2.619221825500328 0.11165587622519241 
9.956882964083814 2.1539763965842327 0.6718652308618908 
10.604525302409552 2.0 0.0 
18.186413708383355 2.0 0.5283034025303918 
3.478540841864992 2.1581524004800543 0.45554604097880724 
3.193849097566627 2.381530073707407 0.21183644080143754 
4.396235645940125 2.0188521857629 0.8990393275278956 
6.364700879841864 2.0701425874290744 0.0 
2.148616345823338 2.0 0.8522537621748058 
4.578049949476192 2.0 0.0 
3.4913190533414458 2.0 0.7313270999440162 
5.800267964766212 2.0 0.848380519933078 
5.834655561867793 2.2226234522425568 0.21138249563024267 
6.850314302918995 2.0449058365475246 0.23132709994401623 
19.594314095802915 2.518893448156767 0.0 
11.424694749986427 2.0 1.0 
3.2006562554211158 2.036732333569521 0.1310582995318023 
23.72360619949594 2.8825830068303184 0.0 
2.9381370793288815 2.925362599581613 0.6451291757449873 
10.903951736810901 3.0500077723164525 0.0 
2.0 2.1314294514105296 0.719696315083145 
2.7337970353925503 2.4111445728527867 0.7039028136090024 
6.411484215151579 2.0 0.7559233060848252 
2.0 2.8855054067719585 0.8810968019793493 
7.980532380531625 2.783254008544043 0.0 
14.254684042302074 2.483075673650626 0.9306035144405589 
10.609720171209267 2.0 0.8839085956561392 
13.31593086963739 3.3247527197380995 0.0 
13.707749080476049 2.0 0.537171224493768 
2.9163560188564213 2.123453985876949 0.3271169482393007 
3.2588940229981196 3.079468170754178 0.5786254356476801 
3.485410776159446 2.7956001509172177 0.7970358458237505 
5.54024549839958 2.0 0.7241592389732511 
2.0 2.6081340302619402 0.04308666030831451 
4.3804712023122185 2.080252178768051 0.8411711494003096 
2.74994161491687 2.5266098336588323 0.7011320515598856 
12.611786461325996 2.1899891836767686 0.826591160003742 
11.242609887048623 2.2812467201038484 0.3451387653220089 
3.701085176614936 2.533283027038198 0.4210894659892018 
