2.0 2.0 0.0 
41.26212258872391 4.200124886320034 1.0 
42.975542773484065 3.2724734947925542 0.5574746312026839 
5.166391173563613 2.0 0.0 
9.067414132596207 2.395 0.0 
8.101120623639062 2.1686691802639717 0.0 
6.1051512023987495 2.0 0.0 
2.0 4.337172054983146 0.0 
2.0 2.0 0.001754899935251908 
2.0 2.0 0.11504230783476724 
6.552725144679116 2.0423040547370497 0.0 
2.43709644530721 5.671813048593568 0.5053258566704829 
2.3748739668304237 2.721983109925226 1.0 
8.120124664234991 2.820977347342968 0.0 
2.0 5.14601743653305 0.0 
2.0 9.074451093275067 0.0 
2.150629605280779 3.1348255066921986 0.3025074096070439 
2.704458418613279 2.6023849092776157 0.11290161459989483 
2.0624920115327696 2.6170036597384754 0.0 
2.0 2.55787411242699 0.4898604709200282 
2.0 3.532569506402281 0.29537189518721996 
2.076302227830673 5.605378642927084 0.21576852643495953 
2.0 2.583285049842198 0.7986601228832493 
2.006779199467526 2.5688103629285703 0.4845142617390691 
2.167797232937603 2.5647806514735105 0.6267227403946867 
2.0 2.667112816947073 0.0038899216863040945 
23.76285587999865 2.7226073555446484 0.0 
2.460696432797027 2.997677695014925 0.7308124610233862 
2.4042251856257417 2.762424095605519 0.5260530649250471 
2.359217863556883 2.7813678604654655 0.19304087851173998 
2.1786977341426677 2.0098200633719454 0.15211722574889644 
2.016172189120484 4.413865107979879 0.12224208180637458 
21.188000147928527 2.9297957697338193 0.0 
2.0 2.5057663322965613 0.2367694302896821 
2.024441235235421 2.5461529936346268 0.9509280678038647 
3.3174368431880015 2.6177356938015848 0.06710225671760425 
2.0 2.9101238004278303 0.41019451278949076 
2.4073610389803415 2.5827281868222745 0.6633859386793768 
2.0 3.45112276738407 0.4275519014960456 
16.811915345147607 2.524706845973415 0.0 
2.0627866631887897 2.5352011426645205 0.1601653964428219 
2.0 2.553661206626901 0.5771764112362779 
2.0000138260745475 3.0875842639981146 0.780434527306489 
2.1355611985071947 2.950973005211628 0.36349514190065446 
2.0 2.9269762702153734 0.9157494743038413 
2.0 3.1098204928049458 0.8510227905880452 
2.0 2.893992710251291 0.6840375248166564 
2.0390402351740375 3.5164907985025184 0.3169320212332636 
2.0 3.2160168880518554 0.8649247722673754 
13.67082847313649 2.9734946043177635 0.0 
15.894799543411843 2.9297082827180385 0.0 
2.0 3.9015975197275132 0.3564628038673206 
12.735840787783442 3.09822094574149 0.0 
