2.494350064914169 4.672667240882152 0.29084173908824734 
2.0 2.0 0.0 
35.82039466805617 3.511685869725696 0.02881894536344473 
2.1002118582130946 3.8780053283081344 0.3631667404991451 
2.0 2.6696187005995244 0.23345640373161852 
2.0 3.194812996564678 0.2886724596154488 
2.0 9.491058853529044 0.0 
2.0 5.996677950589538 0.08350150959976396 
2.186657946151415 2.729532517713042 0.6377541411168468 
2.0 2.0 0.02337185536978914 
3.949589393498557 2.0 0.0 
2.0 3.772271848551231 0.8069501197955009 
12.231714785536441 2.7791654689060934 0.03191267184865066 
4.2004805859315475 2.3561323439560438 0.014789325273830388 
2.0 4.42427394814858 0.260620115787752 
3.3901808059820673 2.0 0.0 
2.2466438313638153 3.300963473953469 0.4014473451882092 
2.0 2.6424619964566904 0.5312395107161343 
2.4655831725673836 2.9800432940751205 1.0 
2.3593424278792026 3.5499268301120757 0.5071345684645918 
2.0 4.487765081753697 0.7507820881123413 
2.0 9.95751819855846 0.0 
23.40154982790733 2.8424472802917253 0.412446258360723 
2.812713329124724 2.0641243854366036 0.10534659602158557 
2.0 2.5031946364741087 0.6576431428920173 
2.14731280488727 2.601328621587203 0.16040222442522695 
16.462372124625613 2.5603986777156176 0.07029593671760259 
5.92393333198746 3.400128270555612 0.0 
7.907921164857696 2.510300438744948 0.27190789063679244 
2.555431610267347 2.673496496936643 0.8661401136478899 
45.83556288894516 3.110618118732318 0.021377871483636332 
2.0 2.873112140781317 0.002715877030355668 
25.57855461173038 2.0 0.0 
3.1140569856912617 3.062231303153336 0.9736170386509305 
11.443767980009328 2.1019893194572763 0.0 
11.267496741038999 3.0574263716702186 0.0 
6.078240291561469 3.137190531240302 0.6838977398159631 
3.930782258874091 2.8417315597324535 0.1927142020527742 
3.04809188489214 2.628177647681907 0.7261076867408229 
4.663958446025909 3.135935392784259 0.5 
2.087713647482426 2.895582017938722 0.9145236546882808 
2.0 4.092070578069862 0.567257515766239 
2.651876052242958 3.8014785790986707 0.2416316790120101 
11.597601691629325 2.5978689298913125 0.8742816559107143 
3.15085201315082 4.253558080016542 0.5958001327174491 
5.054346371077533 2.0 0.0 
2.2947594708119863 4.082469307071518 0.7649120266422759 
9.543622920712851 3.1853633399885295 0.574933573286309 
4.991527135863735 2.946122966201068 0.572459543738468 
2.0 5.515680915213508 0.0 
2.0 3.6379293954553416 0.6250332789894228 
8.108868172072377 2.6462086952318304 0.5673213382320539 
5.027962604514324 2.7794775117245765 0.6530224598380918 
