2.0 2.0 0.0 
56.45 2.5364960945047716 0.15672456125704523 
2.0 2.5239358540020618 0.03280062868339756 
2.0 2.0 0.043578546454411726 
9.774787610605165 2.0 0.6855527663463601 
5.092293330674929 2.0 0.23432789364802287 
8.334636647106286 2.0 0.3143621758945917 
2.0 2.0 0.769750702322703 
2.0 2.0 0.7460222145415626 
38.024401715307384 4.1643940582608145 0.5 
2.0 2.0 0.9230099040496662 
2.9780051866820987 2.346951086291744 0.10106263605953286 
5.893782022714845 2.371967870873356 0.0 
14.006490599486982 2.0 0.8774069162142762 
3.9755186738722945 2.0 0.7604901540887821 
2.0 2.0 0.8320791668400953 
3.4624757543692404 2.267175880990274 0.3366587376985949 
6.040480537339105 2.0 0.6936658494198823 
25.606922689682527 5.61851212284663 0.06603566038437078 
3.8774390006163886 2.7718268700883977 0.4197658142272923 
4.423222043869363 2.0 0.8757979261963014 
11.076776414257916 2.018389539853529 0.0 
4.049366460173365 2.000001157290289 0.8453212178878646 
3.378311246322479 2.0 0.0 
24.039843699483068 2.0 1.0 
6.267883297479738 2.046437588748078 0.8867071260908173 
13.40985779590952 2.0 0.9171266382065099 
17.13370422063939 2.1475313636788655 0.8302389576830747 
2.7885290693539897 2.238848118019814 0.6979091596407663 
2.0 2.0341380360451593 0.708961414753617 
9.252137751893372 2.0652745773033145 0.5 
3.6164675101264896 2.06452247649374 0.0346778531495377 
5.298399263468998 2.0 0.0 
2.515653682371432 2.118426895795296 0.21087342586394955 
6.71343597783791 2.0 0.0 
7.47284394121084 2.0 0.2519353091892186 
12.947541651595884 2.6442702288901723 0.0 
17.640434886055004 2.0706878602675034 0.6494411795738892 
19.717361748915376 3.040956353811376 0.0 
13.773472192291406 2.0 0.5365940319539755 
2.0 2.9693032687689973 0.1016611000046602 
17.62745769980116 2.0 0.6800799423310695 
11.690974825569194 2.0 0.5706538592864085 
24.12460015782748 3.379595388893109 0.0 
3.240241026335844 2.0363077298356362 0.807162856312369 
3.883677990761396 2.0 0.2520122859755378 
11.449982446208967 2.0375307890323224 0.2921727508471319 
3.1027372630338768 2.0 0.4824990277349746 
2.79809748859818 3.091874561696044 0.8339853484156667 
15.377304155556477 2.0006181322910868 0.5106923569470584 
6.702512726191988 2.541283853866981 0.0 
11.309779730565332 2.066629638635317 0.8664210901861975 
6.3932440022901815 2.000181971075201 0.9158423898174766 
3.2258739961693186 2.0405989895761887 0.14807510181544487 
5.649420635165927 2.06423379115195 0.21267929550811332 
11.19582991674622 2.536859565067559 0.0 
10.92430270435255 2.3225823724003933 1.0 
6.426740906881763 2.0 0.8134346138243043 
2.9111604530821436 2.48997831651692 0.7238672897433163 
