2.0 2.0 0.15468931717791545 
2.0 2.872744621490753 0.0 
46.789119643478315 2.6130899043179405 0.8415005164070816 
2.0 4.738940077830225 0.0 
9.105978053963241 2.0 0.0 
2.0 4.490143851594512 0.0 
2.0 2.0 4.6601338515599167E-4 
2.0 2.7571383518117045 0.3098273506062348 
2.0 3.2698713367900414 0.6414582515418987 
2.0 2.426119520549266 0.0 
2.0 2.8566692520520967 0.5 
6.427066555628038 2.0 0.0 
2.0 2.6261404227322838 0.07187687208145502 
38.126419593408926 4.252294386393553 0.7184949519662404 
2.0 2.609759912986963 0.37413354684460676 
2.010351648027456 2.502429441223637 0.18593278445410905 
8.195305072391717 3.228440716239048 0.0 
2.0 2.7035692971546306 0.21844928771276695 
8.115237736750013 2.0 0.0 
2.0 4.355431402224843 0.3248524434448181 
5.224555617169926 2.0 0.0 
2.0 4.108220980090344 0.12095382049124215 
2.0017150406941253 2.6260605129283916 0.55 
2.0 4.436806263428434 0.39135862049329606 
6.770674990864224 2.0 0.0 
2.884713746363353 3.14639372857649 0.08083136546633299 
2.0 3.144666894266266 0.6898800985493023 
2.0008724913227107 4.162969861157828 0.2952839306935974 
2.0 2.6484276326493745 0.81847014732082 
2.0 3.1020962975407813 0.22675730748385997 
2.0 3.1531180038489195 0.47806975268776347 
2.0 3.0574290787487093 1.0 
2.2293406823774187 2.7022250869270747 0.5798777932852905 
4.656179258409278 3.1368288159401216 0.0 
11.750160013296721 2.7874210777355635 0.0 
2.0330853276867606 5.60813450354234 0.459905001866642 
2.0 2.9159434171622935 0.8843423416955972 
16.965189107714973 2.947119448366819 0.0 
2.0 2.722243181164189 0.38898587943539464 
2.0 2.814452221819943 0.4339060914748115 
2.0 3.0579740589470292 0.7191852868264574 
2.0 3.1391705252513726 0.7866723567473921 
2.0 2.839643219271169 0.6039702902882212 
15.491754047526742 3.3162361986785216 0.0 
2.7231475703370633 2.914783536653269 0.1570541084864851 
18.91865248934179 2.9494777254423967 0.0 
2.0 2.5121071038305933 0.8593031160145617 
2.0475672236405362 3.0908989600387797 0.908971434113357 
2.0 2.6194068480000485 0.9695643678370272 
23.332778627156188 3.4316474843895373 0.0 
2.0 2.0 0.10383949257878226 
2.3383215089037233 5.772497125106212 0.2102485550652972 
20.36365524505469 3.1954141611464273 0.0 
