12.320104820585712 2.0 0.5 
2.5140431202223255 2.0 0.30322861780943433 
40.98662567049027 3.9068554773794144 0.41660206727051674 
15.207205609281122 2.0 0.506691773880787 
54.02814995473783 2.686944921926519 0.6552973134854664 
2.0 2.0 0.8450853391519022 
2.0 2.0 0.0 
16.872191079465647 2.0 0.7103858655499088 
10.822088491706785 2.067261461706726 1.0 
3.308704696461763 2.0 0.11279017521126428 
24.272414747690515 2.1647119228681113 0.8942312960604542 
4.14127291946681 2.102558316594535 0.2591314931631605 
24.572282209581743 6.129991484324558 0.6663783194061724 
8.449991102433172 2.0 0.39423129606045415 
2.0 2.0 0.753789681096861 
2.0 2.0 0.03274025621615104 
18.25717623950087 2.2490462310012904 0.6320427514609559 
2.7214851408257816 2.3883037581349793 0.8324708732479762 
11.212990416200956 2.0703835776621946 0.29783409375598885 
9.538096449161568 2.0064964175412006 0.6939243751913071 
13.91619279896517 2.0 0.5204910736046625 
6.02689016427034 2.0 0.7263446800960847 
4.183063235217148 2.089902347860981 0.8147967962542781 
5.899523568454703 2.0350691789709843 0.0 
2.950190659792393 2.150750895918923 0.7502022345982251 
4.054407597306701 2.1133328065093044 0.05 
7.032571185771164 2.173097078196202 0.0 
3.455977106833864 2.341557357384266 0.4840749779483712 
5.394625519695933 2.0 0.0 
3.054435574718123 2.00866760789198 0.15031513296097193 
2.0 2.5721305416887312 0.03671712175894043 
2.896664491117467 3.2606731854002886 0.42340436357803335 
2.9973838941578705 2.0 0.0 
2.0 2.020106101446992 0.7061194922712376 
5.597939426655822 2.05070589114423 0.16142539911216655 
9.083009871962894 2.0 0.44728180933625405 
6.668220154353165 2.228397227656786 0.24606624755092393 
3.478844879131487 2.4302173107989202 0.44744900004755916 
4.975121767026868 2.3032994101795747 0.2151251674243104 
10.689123302409739 2.0793783524369345 0.838325544859564 
2.985206476431042 2.367068828978974 0.7108307950692316 
13.440720297822413 2.220773944582512 0.9129229232601589 
4.277891818782464 2.0 0.8621245327744009 
2.8067622123801415 2.0 0.21083079506923164 
2.0 2.720463441122928 0.8938132125442337 
5.79944687170852 2.017959736885837 0.9394894241682474 
13.80074647504405 2.0 1.0 
17.707275742438245 2.0 0.7683197462343423 
20.3214526853575 3.427223908182686 0.0 
10.534291700463031 2.0 0.0 
2.0 2.0 0.7739131682116672 
2.130441152968196 3.019381914639223 0.8527548754762385 
3.1436759808223567 2.0 0.825807643375281 
2.582678301408137 2.58945850017785 0.6364645785642105 
2.0 2.0 0.9234590793980518 
5.985144038573146 2.0 0.766036648533259 
23.46619394368174 2.868030721641882 0.0 
12.722748860681868 3.369764895079902 0.0 
11.268590764723324 2.6637451669679093 0.0 
7.245710474416212 3.1708245926465874 0.0 
3.2799601617074488 2.573540470833958 0.7120173692524662 
5.344097615122992 2.8006671124190063 0.8792771097591218 
