2.0 5.95 0.0 
3.4266593838952644 4.30356603141729 0.2972447021386369 
2.0 2.0 0.0 
2.0 5.95 0.05 
2.0 2.0 0.04132084927467761 
41.95941726005361 2.834423968390266 0.9353746286542096 
4.549115879590495 2.0 0.0 
2.0 4.344553938950471 0.35903856396653977 
2.0 2.7491853188255675 0.26107899180875377 
6.346808990855475 2.784866747076488 0.0 
2.0 8.874920729841804 0.0 
3.294840324866616 2.0 0.0 
23.844681817712726 3.4216522606026785 0.5467192145117998 
2.0 2.8880214117917027 0.40509774279276367 
5.492012023813206 2.9280181727683283 0.7207191855576208 
4.267666653857557 3.0411406081341585 0.17595076484464667 
2.0 4.076744636269856 0.2730401318076211 
3.835983138753292 2.0 0.05 
2.0 2.6026789271343143 0.26492906541718475 
2.0 9.500279353245027 0.0 
2.0 2.6042488666412025 0.5575954138332904 
2.4986114980434246 4.812822236155303 0.2771091062262733 
6.099063021790883 3.4938253758159856 0.8950359460677171 
2.0 2.7632556957002987 0.6627814726794927 
11.634498232198224 3.179854858850516 0.3495081650104207 
2.0 2.8131514965406943 0.03645169518204756 
2.0 3.3704897610870628 1.0 
2.1249773024790493 3.2439427596102144 0.15659006439743417 
2.0 4.127076582077022 0.6059269148913313 
38.85851852407478 4.090749132203369 0.3236415973179452 
4.3322322603173005 2.0 0.0 
2.0 4.314023283755285 0.580429444993387 
2.011847715441848 4.445412245249294 0.5301068359146079 
2.0 2.539938820611226 0.9364107397401837 
8.442930897946484 2.8568587100574776 0.5005742665885397 
8.519463298692768 3.095479388120398 0.0 
5.1059984186283085 2.5933978179432318 0.5 
2.898333325743021 4.109485677359038 0.5778413696066989 
2.0 2.5269255920932405 0.624747888445757 
2.0235937448446633 4.333360810032148 0.8308223948033936 
5.583390607727463 3.0028576497236363 0.7533178635192005 
5.1208063605725345 3.102823089808618 0.6246337551202723 
3.194687105155637 2.543086600289809 0.8852757644865521 
7.653111711902452 2.741635972964425 0.06761234627215706 
3.3815711725951756 3.078799784909622 0.6824651380591666 
2.306213520955305 4.064649266761351 0.7615292893152765 
24.825768949002395 2.0 0.0 
2.0 3.020455690094117 0.7930394697994678 
2.5544197177284373 2.8035076273870168 1.0 
2.90999480096768 2.0 0.08912064386495172 
11.616865113046348 2.5551579957264714 0.8191144891198281 
11.1062236523966 2.5855029194559283 0.0 
16.127201892613694 2.5863556878981013 0.21132072028380816 
10.788041393216158 2.0 0.0 
9.813316836767521 2.846158388539297 0.5916843866426542 
