2.0 2.0 0.0 
26.569012807079393 2.0 0.0 
2.0 2.0 0.033652899196933095 
36.19617903880436 3.543202317761967 0.270379089642501 
8.05 3.39273924098997 0.20270514310459686 
2.0 5.770863055301429 0.0 
46.3226971740245 2.5786558808939715 0.3929857595521286 
2.0 3.1623134001882622 0.036284297635784224 
3.77995473883918 2.0 0.0 
2.0 5.901142302136013 0.0528828668359671 
16.455924701406 2.81568626103524 0.33842498614837724 
12.471015999868776 2.7902903197286846 0.04384183181478635 
23.38694868075753 3.2671443243924037 0.484015218885391 
2.0 3.0991014378414246 0.5410710195843277 
3.3230453136108977 2.0 0.0 
3.837718696310496 2.2708586941472353 0.09716658331913958 
10.974251133653603 2.0 0.0 
2.0 9.532079840166892 0.0 
2.0 3.02426536903575 0.6442013513648165 
2.0 3.6060427047329804 0.7223294647585834 
3.0862235551691786 3.579790556298207 0.5423343967699812 
2.0 3.860574819974185 0.5441467521608602 
2.0 8.748932086891049 0.0 
4.592705860962809 2.1285673049643177 0.0 
2.0 2.6406786719276223 1.0 
2.219420035193105 2.862705797422198 0.26614200515423503 
2.0 3.111697599066957 0.6190004734031962 
4.722090634260218 3.3970922786797106 0.607221300555389 
2.168324027177906 4.293222946502635 0.6370753573903283 
2.0 3.6848787026637098 0.597044933175928 
8.80502797263829 2.8101655719468064 0.0 
2.385357344186674 3.873059910612799 0.7850303408896152 
2.0 3.811600925115733 0.3623247910709322 
10.84621600338783 3.20451621907526 0.0 
4.71167954347411 3.350611426884576 0.5 
2.3221695874885255 2.5938610820307084 0.9279720098451937 
2.0 4.161407004390731 0.2599872287222509 
12.409098154983045 2.9746210248690175 0.7088582536779539 
2.3188852637082435 2.7708717917482892 0.15988602568601135 
5.533737732156503 2.596594440964321 0.9459173118624352 
7.502096229481046 2.6189159336246055 1.0 
5.572543500804836 3.0668226224045916 0.6966447765955314 
2.0 2.965683004300205 0.24234302261823337 
2.0 2.660582049037125 0.3942396050554022 
3.6575520242741026 2.5589997010128505 0.18931038257111568 
3.36109092161162 2.590692772061974 0.9357041456047415 
3.3452907705459047 2.0 0.08511991125002633 
8.05 3.4431460171795845 0.4732966240278949 
10.099416855431672 2.97002728067308 0.5951352305135289 
2.0 5.01060478097494 0.2559821659158548 
2.5825272075664056 2.948355948860523 0.8942408692925148 
2.9429415146054114 3.409349246258165 1.0 
5.984844263461175 3.1171788494751813 0.0 
2.0 3.602502932881117 0.845435042740728 
