2.0 2.0 0.44788853530417577 
2.0 2.16210382103095 0.0 
8.05 2.0 0.5 
10.009091901855106 2.0 0.4045063586547138 
2.0 2.0 0.5466515120543631 
2.0 10.437831538730332 0.28143742790371556 
7.308459203773346 2.0 0.4839808566550458 
2.0 5.95 0.41032981092778453 
9.977057332110114 2.0 0.5561247528408896 
15.032291644887621 2.0 0.9138069536272404 
13.314559720603405 2.0 0.9839808566550459 
32.26825550661623 2.0 0.02438355708392537 
13.602342456479597 2.0 1.0 
19.004847878331347 2.0 1.0 
2.043901214199773 2.7440464059551797 0.10455377604066018 
2.0 2.0 0.005000377205639783 
2.0 2.3943448777462186 0.19419877791642903 
2.0 2.0 0.5188536361055971 
2.0 2.0 1.0 
18.72580727528936 2.0 0.7017090207968427 
12.691484033963517 2.0 0.5 
8.227386988520674 2.041089941441419 0.8288576779874954 
2.0 2.118305476360788 0.713954466698715 
2.7140473121856528 2.2426425755541453 0.146146350280777 
4.486431099210527 2.231064985734457 0.3046017624410184 
16.84242074020518 2.0535269383711645 0.727701309935876 
10.430488235040428 2.040748694812457 0.8974145773716784 
2.5813722052686723 2.1875770459822004 0.35136900176274627 
9.487899538010623 2.0430827678603287 1.0 
2.0110861905682587 2.396963300012041 0.24459361813026026 
20.4080653055426 2.0 1.0 
3.156473876853111 2.116349615946824 0.32559994357710254 
6.967753699620168 2.0 0.18358208525537312 
3.733967074147749 2.1647055879365236 0.2895170465979058 
2.698359108593886 2.0 0.5 
5.738688667420146 2.0 0.0 
5.322525743087949 2.204893176496151 0.3687998326735076 
3.276047118258856 4.500944813448299 0.14077410793095024 
2.0 3.022375795770626 0.04620653401002714 
11.666129929883914 2.019582257240113 0.9609359036729088 
6.425664260188836 2.354612176401107 0.6433822812814476 
8.120469308196949 2.2496610650406272 0.6107194549022283 
2.0 2.0 0.17310857529534318 
2.0 2.0 0.8640065734758993 
4.607054576977953 2.0677105500361956 0.18891551457777273 
7.699019896551811 2.0 0.358694053975694 
2.0 2.0008472473598675 0.9544992850976087 
3.711996019540354 2.0 0.0 
6.157568583686205 2.0000544758659053 0.4325798484538262 
2.0 3.345721970623727 0.15789080140842982 
2.473703623445297 3.520751578684603 0.22773370176548474 
4.929952821265064 2.143605839536219 0.0 
9.345919244859804 2.0 0.7181875776171233 
6.53004996369523 2.0 0.7936462597963344 
3.5678802705365205 2.007891810435677 0.6030034037391167 
3.7853228469697395 3.2012628589566523 0.15473663588159586 
8.120082603863183 3.266728269549175 0.0 
6.81161087372739 2.0 1.0 
2.815711250149812 2.1885235804196608 0.5708735057831111 
2.640987393545568 2.3781804600274934 0.823001207413943 
8.192156646897518 2.041027095958162 0.7773823477771187 
38.783381891587325 2.0 0.0 
17.851648887909 2.0000156321721163 0.0 
3.6737435582346727 2.203152133800285 0.35663522496749145 
10.711215316413886 2.0 0.0 
6.519190524748177 2.1087192025749912 0.563904724104164 
25.967478508492004 2.395 0.8152253168015193 
5.300577465204091 2.0 0.8564486612096734 
3.486733896429458 2.1253310317339156 0.4193516712167844 
4.5368660266014444 2.4884285723385013 0.3000102711802442 
2.7420330753180804 2.0 0.9422056544496437 
6.049867444284436 3.2315365118591943 0.0 
2.9179544387212752 2.3806705009178764 0.6087942289836263 
2.0 7.359785146720486 0.09280336898519728 
2.6715009605623745 2.054860711972156 0.8914161424749161 
2.8392941602919697 2.1135916941615345 0.5410262569117928 
2.674610028923135 3.255175844097747 0.295807848953275 
4.062471510531039 2.01249464282208 1.0 
5.392515973511609 2.0 0.4768462678869567 
2.8667552954117443 2.053551073700971 0.7447454642103516 
7.299948193130551 2.37466532119834 0.0 
10.871972235805826 2.6562681000203074 0.0 
2.5068853767495534 2.247576838306689 0.22616906077057608 
9.086445022610906 2.290340442732097 0.41932013078878017 
3.2052810037724444 2.0 0.19927412480829212 
2.718194357420043 3.4672875500039355 0.07500414991685721 
6.4887394483454806 2.0 1.0 
5.428596058485963 2.0328256611692614 0.7097967257818154 
10.084520601017724 2.057826923458044 0.0 
2.0 8.937134839236876 0.2735217156378443 
5.144141606455735 2.0 0.9650780246754959 
3.3186415036977923 2.0 0.0 
3.2480136884562185 2.5477812193609615 0.13517711901713908 
12.748176752438747 3.031419306509383 0.0 
5.675966581714515 2.2321483247840015 0.9611744304736742 
8.779167739118098 3.2649782687100455 0.0 
10.318284878025224 2.7260617492986503 0.0 
12.618541480315821 2.3420936516799316 0.0 
3.652239494766719 2.529507288407149 0.2687574753719311 
2.3645401952209255 3.306694164529744 0.3235244807175055 
