37.72130337745823 3.6832772386470793 0.19599002698793205 
2.0 3.66488735060439 0.11924871924720526 
8.05 2.0 0.0 
6.071805394440823 2.238526530749186 0.0 
2.0 2.332012789259236 0.0 
8.77732536235982 2.225863862958192 0.0 
21.17105615970688 2.8419160083162334 0.0 
17.077293646891167 3.059610318111896 0.0 
6.888084452419052 2.0 0.0 
2.0 3.4718726213571287 0.4948437059422106 
2.0 2.0 0.15633789701544087 
2.0 6.453302888510988 0.5 
2.0 2.603325255997306 0.0 
7.858304286098779 2.9613940758128106 0.0 
2.0 3.1868943519608735 0.3553244364114563 
2.142954978423703 2.84690640439318 0.59505572913925 
24.446343454642893 2.7560605190428356 0.0 
2.1447000460369736 2.857244686795614 0.5375372442337641 
2.0 2.6174848051538153 0.44518058252366466 
2.2729313858474978 3.0818493093343644 1.0 
2.0 2.2656144393919533 0.04440421844702844 
2.3497769450041965 2.5412621715057186 0.6084522692824498 
2.3825365876358537 4.948276531673839 0.0 
2.0 4.398991922161189 0.0 
2.0 2.368643231745842 0.10829002057567366 
2.1951131857982418 2.684043169860383 0.3827486492040313 
2.0 2.9315858992621604 0.6469347232105478 
2.0 4.259721886339734 0.32807124542461114 
2.38768828658182 3.119669977289541 0.8797693463350493 
2.0 3.3889130176398754 0.9381840932945578 
2.0 2.5962335253487465 0.01737721545623594 
2.0 2.707852314820521 0.7679307417514387 
2.10663025399066 3.0076346196153096 0.7416064840652082 
46.54541639711222 2.993125717571619 0.23534128283247172 
2.605 2.9272262429684592 0.06757952221983883 
4.957620661860337 2.884397219175763 0.0 
2.0 3.1788758554149203 0.4754125994367463 
2.3134558046825324 2.6690856933992935 0.24270390011953386 
2.0 2.7012695981912977 0.2108596273945828 
11.64194762856042 2.9053568443423035 0.0 
5.400346606533895 2.1104688637273963 0.0 
2.0 2.544987142021113 0.1646467333433378 
2.0 3.52673683172283 0.27026123141528685 
3.4063297778127772 3.381456859026303 0.15945324869925748 
2.0 2.573950281058385 0.3360515546148697 
2.0 3.9606526963154707 0.3875516239884472 
2.3005702463731605 3.2373037580414907 0.9387519875818886 
2.0 3.0421860540871606 0.6836295888447765 
2.0 2.592902057018953 0.7922354063144686 
2.0 3.2189682124258296 0.83395522166901 
15.475256260366002 2.6285118142532227 0.0 
