2.0 2.0 0.0 
2.0 8.883902237869131 0.0 
3.303739800326002 2.0 0.07745466677005286 
2.0 6.059519561322037 0.0 
4.220148295638122 2.0 0.0 
2.0 4.36545587689087 0.39245966942251154 
2.0 4.066764374061136 0.5445253475767476 
39.02766649421434 3.589637435829418 0.5 
4.6218292153364215 2.0 0.0 
2.0 3.272430819959091 0.376985706677631 
3.2050043010538047 2.0 0.0 
3.9542491745676718 2.0 0.07590661943287486 
41.761131951387654 3.260530675609629 0.5314652978947461 
2.0 2.7383131087180166 0.03581477830051733 
2.1017261137124286 2.605414810837809 0.6193567151841848 
2.0 5.5187191459958385 0.04736187149508248 
2.0 2.0 0.03146529789474606 
8.25131903629464 3.0852162501926266 0.013616996212392596 
2.0 3.33631769110292 0.924462404680925 
2.007928504320371 9.747021006976144 0.0 
6.2207518218703886 2.592946927030496 0.6902349188120015 
2.0 3.3661650184134517 1.0 
2.1243358994229182 4.109044123214196 0.7225330551161611 
7.679337415217215 3.0316213261713525 0.46943581688143404 
26.268126315602984 2.0 0.0 
2.0 3.3679902989647936 0.267292101516248 
12.17203511509468 2.883683971845026 0.6918957542090535 
2.0 3.0164792234816904 0.2547281953128929 
23.487509742639563 2.961627450311809 0.28567369104306395 
2.0946211025295325 2.669573299824119 0.554404632153795 
2.773936841545238 2.5599953753543416 1.0 
2.0 3.6236427988378512 0.6455624351921946 
2.0000794335827563 4.3706249504873185 0.5678756354882704 
4.190131749060731 2.545909385160674 0.15858719859146955 
11.035826819227637 2.0 0.0 
2.008840348875508 2.5110129576884206 0.16734110322685747 
2.0 4.329007325491434 0.8221585558163962 
10.704715720547902 2.987375777708393 0.0 
3.4695767868815786 4.308929349107905 0.5429368528169508 
5.880785729181484 3.3857316738680336 0.0 
2.040047022366902 3.5254101911626186 0.29232369239477063 
2.0 5.0614874933991665 0.263898308929821 
2.0 4.499875493458762 0.7776048928465308 
2.413975303134894 2.838757525558276 0.6604100421119079 
11.973446463751166 3.193923394893579 0.18070939468704264 
4.508534352622149 2.611034635158824 0.5286169278122522 
3.460957072677398 3.5154640361798597 0.27340769841472967 
2.6224308440600534 3.1054585031834603 0.8969705713802524 
8.77983944056805 3.1150367629085287 0.0 
15.948779670173419 3.4193862637231045 0.18119422730386459 
4.599408787864961 3.2503199586464775 0.6539893781338031 
2.8987207170175324 3.458796425334005 0.7182829706055712 
9.702922480062705 3.4641010864407753 0.7249169904970542 
5.248601244176221 2.8948701589703694 0.651618780463755 
3.478256499560497 3.280509230324226 0.9420882173387338 
5.861746537454642 3.0866383017961554 0.9340382887455205 
