2.214226604925221 2.0 0.0072992735257373376 
2.0 5.84919549224811 0.0 
2.0 3.27272959799879 0.0719833949628611 
2.0 2.0 0.0 
2.0 9.059743134017745 0.0 
4.21498833984406 2.0 0.04334701648269906 
2.0067024545015064 2.6806101585789097 1.0 
2.0 5.3004781382902 0.25052535178463065 
2.0 6.851264731791896 0.0 
4.505676229307939 2.0 0.0 
48.064104428891355 3.209345505087487 0.6595536906151563 
2.1758498045766066 6.499731227276996 0.028888073349292553 
2.0050767400548235 3.261285168960328 0.6545317893757059 
2.817582997762896 3.8674212374180508 0.23285398521652434 
4.257626214402322 2.0 0.0 
38.96774859387945 4.426561163474368 1.0 
2.0 3.334067336488905 0.15453178937570589 
15.896093596244782 2.839732927265752 0.23315006160501686 
6.180540695612427 2.5408476803586435 0.9712180596253124 
2.0 9.966549225438575 0.0 
2.0 3.7604767908401664 0.25342136826521355 
2.6353290415881228 2.0 0.0 
2.7675805012129544 3.312005891518462 0.8563603502379935 
4.551125653432953 2.851550820642256 0.6463959002807769 
5.3682336165881805 3.3874270110437785 0.5410101973020341 
2.2449781671190583 4.317345208378149 0.5671569199309756 
4.730948465204829 3.413048986187743 1.0 
2.0 3.734963662665564 0.6512259408032246 
2.0 4.372459573913645 0.7521648951313846 
6.339653735886884 3.1240469101001667 0.6765934729092955 
10.770871102148462 2.0 0.0 
7.502331842312518 2.5632283866720638 0.5769791722626161 
2.0 3.7855599907532325 0.3964108361544084 
2.0 2.7452818175761045 0.40953753479836263 
2.320738531748852 3.7786078040642805 0.5383300916772407 
4.092453100949969 2.9697567517044474 0.15209365669320288 
2.407514698343444 3.435641336455192 0.24147525091585262 
12.100776407499884 2.5929763852513323 0.29622797245589094 
2.877693200089162 3.0960207702225686 0.9188044441662057 
26.950266905333898 2.0 0.0 
3.131162605547272 3.3458905798814578 1.0 
8.351019096406075 2.8709921975786177 0.2706760276195103 
2.0 3.4073662215768965 0.6035814111150355 
23.411416691170295 3.0218109418005445 5.711845759508933E-4 
8.009246972800739 2.868060334161432 0.9565854476447694 
2.0 3.184370038557217 0.29360155353556217 
6.035943325914987 2.5201575412004047 0.0 
3.2293053190347365 2.0 0.09458635084416567 
2.370638420988505 4.085393623654123 0.8284325846516715 
12.165272415093693 2.629092703692877 0.7562197491290704 
2.0 4.176451721002609 0.7946978573512316 
3.0893268070964024 3.5854900719201566 0.5641897487762968 
4.5809627885485344 3.145468752100707 0.6941327684350587 
2.0 2.5878279896778045 0.5277943161936464 
2.0 2.837233533196558 0.9399271232744045 
