37.74441195510589 3.582109189576069 0.6287007278248623 
2.0 3.3403653513047544 1.0 
45.87973021617362 2.8772657181828674 0.5834764187137814 
12.087440358261473 2.5504194043324846 0.7978349350512395 
2.0 2.9545187566164097 0.5280845259060123 
2.0 3.7393366335181053 0.5170886384154956 
2.0 2.0 0.017245539378094588 
2.0 2.9193455135619515 0.6421605406032397 
2.0 5.1009697879618745 0.26499128451449366 
2.0 2.0 0.0 
2.0 3.9432059026066026 0.6491444662585351 
2.5779400816332214 3.048074302183842 0.9203628950332376 
4.933674464843008 3.1217900628369084 0.5 
9.846940040061348 3.0853223088932396 0.699816901056098 
7.891456177354167 3.1050970017859005 0.9138786139522528 
4.197830568922132 2.449068753391013 0.040160019371765956 
11.442893179798313 2.4331846409738525 0.0 
8.062780756223876 2.773252303496564 0.21840997425999378 
4.279363332872123 2.8836670486168776 0.21058848850987258 
2.0 3.636559808085642 0.5787056637448889 
2.619744115400506 2.0 0.0 
2.0 3.1579536796703893 0.27605421615606324 
3.2053986767965466 2.695703333593968 0.6731371058554692 
23.11538537016287 3.2538963938712975 0.7080868298974999 
7.700704639803345 3.0346316047894093 0.4750347278957665 
2.0 3.074892171587139 0.15742647355402056 
3.5367867278710037 2.255904509602367 0.0 
2.0 4.155135215139218 0.3011353815102137 
2.087430272834818 2.57350598620748 0.23333557163726143 
4.506040008937026 2.7627011197967346 0.6835348305808974 
25.55933378214081 2.0 0.0 
2.0 3.0049108466899694 0.9267139081080635 
2.0 3.1702567298240307 0.3779765726336781 
3.036608211395232 2.9082217937953327 0.8492739725210782 
6.137722067374502 3.297783022054498 0.75545668745141 
2.8471528927093646 3.7517683272098274 0.5958455125827596 
2.0 3.7649772884187676 0.7288488614238541 
2.2500808959640684 8.998834273656184 0.0 
5.4045070621584586 2.0 0.0 
3.0733683417766398 3.822183726596512 0.27204545639103517 
2.0323857263829783 5.704882800870699 0.02345048369903467 
3.193299975055428 2.1445971102200687 0.09358175088335702 
2.0 3.7580577452082373 0.7687272539490213 
2.0 3.1859473100283724 0.0012522141259924124 
2.0 3.418361492641532 0.6297164873635318 
16.225721536472967 3.479508701153556 0.24933630895125045 
2.656897155545569 3.0930989743621113 0.973953852708389 
2.0 5.9316873164377775 0.0 
11.87269557940154 3.3017623443673396 0.015004140378159137 
2.0 4.048628946624406 0.8251552489061135 
5.393420418288857 3.3306284099497887 0.6004018107172286 
11.393716153505295 2.868404705804335 0.0 
2.0 10.4070670986993 0.0 
5.629659657506288 3.499378014475365 0.0 
9.156392534673069 3.2137999117485245 0.0 
2.0 4.4271251741131294 0.39659284718048937 
