40.03100718045509 3.5215448661583375 0.24922071456171466 
2.0 2.0 0.0 
2.0 2.5657619430079492 0.25155742532748154 
2.0 2.0 0.02383278669790781 
2.0 3.4570839520570926 1.0 
2.0 3.1056869682744246 0.0 
43.22703189858552 2.820264113544671 0.00987762928739241 
2.0 4.169029850751807 0.32131478737035657 
2.0 2.8590808397041823 0.679169470484891 
2.0 2.5503720889077135 0.9043977873889587 
2.0 3.5984513663990922 0.2639793336695252 
2.0 3.853049763758948 0.0 
2.22833422459319 2.624920550363775 0.3054379034752302 
3.181838816589556 2.737086735520479 0.16276878988312404 
2.0125949352784955 2.6646473931677646 0.4505590481808589 
5.410825122482505 3.427665069188551 0.0 
2.0 2.5637566977187007 0.5 
2.0319147582219195 2.8007211287174036 0.8042768760675376 
2.0027796724558025 2.1546306986596564 0.10537757189539192 
7.006652200743449 2.0 0.0 
2.0 2.0 0.1637176602219094 
3.0600597527695155 3.204673160536749 0.009407362079903227 
2.0 3.3233383279106254 0.04771086466456481 
6.158398831145966 2.0 0.0 
2.0 2.688748478663104 0.5496448926202868 
2.0 3.493697402868162 0.1757083917026357 
2.036813402749122 6.380666182067825 0.5 
2.0 4.197759038741941 0.35811760396135883 
2.169087422153979 2.8568594478536005 0.6301595233316492 
2.0 3.4377080875544443 0.6602785113067736 
2.0 3.4786548831811017 0.376851878512773 
2.0 2.825624745863633 0.827548213742851 
4.555721828395095 2.0 0.0 
2.0 2.669830942167097 0.34001510642007404 
9.122605923571868 2.0 0.0 
2.0 2.6333239470676517 0.9631490603061998 
8.132025136939166 3.1062115167248554 0.0 
8.127107371018582 2.0 0.0 
2.0 3.305629926519575 0.5653934746695647 
14.887090505364817 2.985292916826314 0.0 
2.0 4.6946992812171215 0.0 
2.0 3.0285486431929067 0.427959336687012 
2.2678085301747712 3.075535987990522 0.18939497248756132 
2.0 3.273629215423532 0.8775837074141221 
2.0 4.346154003918551 0.12376557134387695 
2.0223401190896584 3.0412192685461568 0.7164607326250523 
11.635236525868908 2.5160395879068647 0.0 
23.891035303465106 2.511341504045512 0.0 
21.097953873107105 3.4928900855763865 0.0 
2.0 2.6445955276466697 0.7846811448796831 
2.0 6.465341512466248 0.15644145213470695 
16.923697130463072 2.93068669098231 0.0 
