2.0 2.0 0.19449368795433963 
2.0 2.0 0.0 
2.0 2.0 0.23727242364150175 
10.284037630997954 2.0 0.4122687458845028 
6.042287153780256 2.0 0.40432654001316826 
2.0 2.0 1.0 
33.75988692451823 2.0 0.5 
2.0 6.112570274316836 0.3721439953716156 
3.4758980376356154 2.0 0.3064374886485876 
8.05 2.0 0.8721439953716156 
3.9117852659970804 2.0 0.30493857148101783 
5.441168053430712 2.0 0.34066263812190456 
6.86741993006693 2.2570919252590955 0.5301360510905941 
2.0 2.0 0.5371695030435515 
3.329384418236386 2.2582261980893947 0.35950573151503784 
4.610714611845669 2.0 0.4547793442025075 
4.199148626957853 2.0329409678135737 0.6021605511810844 
2.0 2.0 0.7057284545595801 
2.6960519195256465 2.0068290952100365 0.20921821284812037 
2.0 2.4508821241660756 0.03716950304355149 
12.767337017562209 2.0 0.0 
5.685558229037852 2.2302535552582685 0.0 
4.058503194172783 2.0 0.2265611264077503 
5.074174389397346 2.0 0.8490792230979347 
5.8344814557036315 2.0 0.6605762398560808 
12.067572973164886 2.0 0.9466503027849213 
40.795131614770355 2.0 0.0 
2.0 2.0 0.3100034356828651 
8.80535963805334 2.3838667440757715 0.7777967526639713 
4.976207031210205 2.3774742221260357 0.9582689944784848 
3.551218220995305 2.0 0.0 
6.536294957529597 2.3701694207095416 1.0 
8.3947005488258 2.0 0.5 
10.344385611565418 2.447904128907487 0.0 
20.074359915108626 2.0 1.0 
2.0 2.0 0.9342786349603038 
2.0 2.0 0.44551509895435415 
3.07960739983384 2.5385751529442597 0.10741688116118173 
2.0 2.958945282542358 0.15321220404229158 
6.413496812618188 2.3861452848576157 0.9804670933388389 
3.1469809608105814 2.0 0.0 
6.747508579395778 2.3880220966661594 0.9532877613824297 
9.513182546104586 2.4398069937369002 0.9062757967159009 
3.900473248743159 2.3849527730681253 0.365459711265056 
7.29799675882161 2.001219372215571 0.818589695071769 
4.706014165131723 2.137504269564373 0.7011279977337863 
12.736664743803505 2.0 0.5 
5.11957895575452 2.0 0.0 
7.692066800576216 2.462170577561495 0.6417137003850676 
25.923793893564564 2.10537956243409 0.7591185962544648 
2.0 2.212078750429707 0.16730019390076384 
2.0 2.3793929880186937 0.8565263138603038 
2.0 2.58023582220522 0.03265733254254005 
6.8663897371724385 2.3992656247211737 0.5073220745217037 
2.0 2.099579817900883 0.5260649433525753 
3.420336429043473 2.0567268405121557 0.5287384990964468 
2.4043258787438875 2.0 0.11812669329702052 
2.5526242820216405 2.243491595687402 0.9439252199830449 
6.7377290655899005 2.0 0.0 
8.900851165003262 2.482091136924696 1.0 
13.447184655094544 2.0373761014100187 0.9673198185370693 
8.235223469389124 2.0 0.7778372874544324 
3.1444008725438257 2.0 0.8799361885519004 
5.531173290682318 2.3799640697143998 0.905997904086365 
6.806510606785359 2.141886782489226 0.31475911441338933 
3.2245452161989654 2.1403324403940664 0.5023923046434561 
3.6237806824341554 2.139388253780576 0.26943759222182284 
10.22987118944278 2.5458797978959344 0.0 
2.5976603037498105 2.0211427277420486 0.8239141942270372 
11.240449803665026 2.6577220623915596 0.0 
9.970338774631728 2.0 0.6150290035384415 
10.503018821381104 2.4101963738973056 0.31397401948926285 
10.585869675827754 2.4474688803938154 0.0 
6.507621824472573 2.0 0.2259900170356441 
2.7107673987198573 3.027743566893794 0.13664099940382401 
18.696082827361423 2.699922063946026 0.0 
4.45191263946936 2.4448017957910606 1.0 
2.963390402222972 2.077514500448237 0.1338611110586731 
7.871132776330079 2.691810470460489 0.0 
2.9383954475660374 2.0494282494097504 0.7261907900190958 
8.864628749816458 2.048205709794338 0.44179304971977384 
18.985274734302962 2.0 1.0 
14.118365787253643 2.0406611990064727 1.0 
13.272215576160217 3.2135096492379045 0.0 
17.953710190746236 2.0 0.0 
6.355420266025768 2.5551996768329546 0.0 
2.6688432163257887 2.0 0.42253493556533683 
17.31956533135584 2.0 0.7928080217089952 
4.037948242685313 2.9018657993317056 0.15146596646466076 
2.589591287518074 2.0543893889254896 0.6228853895226614 
2.8836202505956816 2.2689400401852615 0.590601781261207 
18.607460715891296 2.0 0.5 
5.181014716690507 2.118200713426618 0.2923845876290966 
2.0 3.391674063146132 0.08539454442987188 
2.0 3.8509350379781604 0.21639835883324382 
15.032130998412836 2.0 0.8216496317747924 
