24.147438593871883 3.228898787411237 0.5369251508211341 
4.196227974335718 2.0 0.0 
7.5644774310618175 2.911887664181908 0.2717639532190044 
9.123702922575983 2.7511839646403122 0.0 
12.046095006892948 3.2176753775846647 0.001935451013298522 
16.080904415987117 2.8679963948659943 0.5 
2.0 3.97853452868254 0.7717639532190044 
5.523641143290765 2.851395273211405 0.7294118291424341 
2.0 2.0 0.0 
2.0 2.583522220210995 1.0 
3.753741442522845 2.0 0.006452335351542826 
11.075771242931076 3.255265772666508 0.0 
10.259732708998708 2.760766508764884 0.7043715806966429 
2.0 3.0016257441842447 0.5288922440079913 
8.461742307956206 2.6373911222706203 0.5928932443044104 
2.0 3.9494593801647127 0.7178376810941696 
2.0 2.0 6.965188454577992E-4 
11.451859588809954 2.0 0.0 
2.0206635413404386 3.905834091450646 0.8543991850726675 
2.0 2.618838846465862 0.6016656559717933 
2.0 2.6555129269255815 8.082791765252046E-5 
2.0247081755433363 2.8906633511484863 0.4119215603877583 
2.27188152872787 3.1323268221021925 0.664188094170259 
5.299574109094711 2.0 0.0 
5.422384851230859 3.343074297437609 0.7141963501303242 
43.83461537842697 3.4838646435873715 1.0 
2.0 3.3713911741719818 0.27817327844507966 
3.475853194459597 2.0 0.0 
2.0 10.164539378126884 0.0 
41.12228552625974 4.102382408717585 0.0403491609279229 
2.051246727794567 4.081205760402192 0.5267432322836151 
25.743599239387933 2.0 0.0 
3.1398651450708375 3.1045512885170847 0.6892455891212134 
4.7875993660435 2.9399139383295947 0.5587620238817316 
2.0 3.920667616980996 0.2807478520797532 
2.0 2.519457465484612 0.9150652279083845 
6.459467144623796 2.902281032794588 0.0 
2.4911134196130895 2.7400316126762734 0.18698916157457351 
2.0 5.735560408220957 0.0 
3.3349853996900993 3.450506266853244 0.8395957634576718 
2.0 4.340211575860602 0.5605411160582512 
2.0 3.691536338864192 0.4022583014299037 
4.531220287044873 2.831553940085643 0.5007593449522507 
5.59886024030563 2.635199264998063 0.897298633127316 
3.849547646746232 2.555549600191746 0.15214258175738188 
2.0 6.384875245390353 0.1251389363972143 
2.1988538936980904 3.813572590923723 0.6507251790000605 
2.1341540898197824 3.7740341993976245 0.7044986084435738 
2.742895874354065 2.6347603869853837 0.8987226860454746 
3.3384900816422065 3.071163724892933 0.8490746692011157 
2.0 3.019262745959 0.23241578400720683 
2.0 8.653097309064698 0.0 
3.100193926930698 3.359451239499611 0.9722457223198698 
2.0977101561295286 4.819339637107925 0.2780736572425013 
2.772107284220288 4.048601707741199 0.29623554348170966 
2.5276027281726106 3.7836303590656724 0.5703798596297022 
