54.42543673902697 2.9644315009060653 0.2577460737584253 
38.654229769664354 3.6110597014451002 0.7145655760656318 
4.305259709045023 2.0 0.7648498817347026 
25.0300520599929 5.95 0.6203226049748746 
2.0 2.0 0.7443577744305977 
22.529010702603003 2.0 1.0 
2.0 2.0 0.758575974337218 
10.704691570721433 2.0 1.0 
14.421478740227638 2.253034774876884 0.5749157654256941 
17.21300630186308 2.0 0.6764036251776658 
5.535715569485777 2.4227954397118987 0.940738051856757 
2.0 2.0 0.0 
2.405786113124581 2.2675210877643317 0.7286818078598599 
11.286108274460963 2.0 0.35849716901260764 
23.599889863040485 2.9200527107158596 0.0 
12.206860337309669 2.0 0.5713802185451204 
6.005552892953716 2.0 0.0 
10.23452268873487 2.0324766177985016 0.687493764520138 
2.0 2.0 0.9292262741412126 
4.342848815198058 2.2439892915545268 0.8672328240254705 
10.83165360569587 2.0 0.9064532085619015 
9.247524729150918 2.0 0.45991510230509225 
18.207360028574122 2.0 0.5815516350768856 
2.0 2.0191125524005713 0.04421957521515746 
2.533578158096251 2.006328962051397 0.3297757263967199 
20.480952883177668 3.24531986654435 0.0 
11.050331971638768 2.0007320030936677 0.0 
5.642014878346482 2.0 0.20415118335846064 
2.146604683421856 2.0 0.8371207172768405 
14.669452981933242 2.0 0.5432687374708928 
3.1339970890876687 2.0 0.6883674392760031 
3.963143711749022 2.020968322499867 0.07749566210805683 
13.247627071753024 2.0 0.8714988683270897 
4.289965746490671 2.0 0.8129104237705237 
2.0 3.1875037850019288 0.8701348296904661 
5.787415718397552 2.0219492609729675 0.7730415949343062 
2.0 3.4319393868429837 0.054757653477848695 
4.8298058750967625 2.0 0.21206433946638992 
2.6337485738372157 2.0 0.0 
4.417819876646903 2.0 0.2915939160322607 
6.6986320572438975 2.0429907805020058 0.0 
6.881730906410936 2.0680955174503826 0.2512671800997375 
6.779861269746876 2.51758260142259 0.0 
3.4400712333303467 2.0 0.09024167865593169 
5.472351018168753 2.1565304057827213 0.0 
2.8802655013605403 2.0108436432850163 0.8048733016738401 
3.836082376353909 2.8220904701040928 0.4434923308665011 
17.945864523494066 2.0 0.8806356842389874 
2.8931628465634573 2.014018307036042 0.12131047445464561 
2.0 2.5291002166416483 0.0824663884616958 
6.333082272406695 2.3282092348613577 0.8507658299017181 
8.11557904098034 2.166842436968842 0.34284162180808975 
3.003911418010687 2.3341272609251873 0.4544113965599218 
12.883649751124278 2.6147833165739804 0.0 
2.5151915567100245 2.0020303518650566 0.7192751625705349 
4.703188154748914 2.707632781262002 0.872624357137206 
13.964716207034723 2.0 1.0 
3.030347354176767 2.69659223081638 0.6595566325019548 
11.241217307472937 3.1972523647494713 0.0 
6.058562917662181 2.0 0.7335558772942818 
2.5686136737547183 2.0137779493355645 0.20595099790149676 
3.1310966859903537 2.644910782406832 0.6780677468522655 
2.7204202759960836 2.9524448458189045 0.8097892345202646 
