33.5749367227867 2.0 0.7596928534152174 
2.0 2.0 0.9408880909335706 
4.597808335599723 2.0 0.744959913994492 
2.0 2.0 0.0 
2.0 2.0 0.19475517602025427 
2.0 2.0 1.0 
13.06718427836754 2.0 0.9429425239393495 
2.0 2.0 0.022848994927657684 
26.544761259922893 2.0 0.7953177991703031 
7.884058246614687 2.0 0.5 
2.0 9.8663185053812 0.2636845902523649 
2.0 2.0 0.1395675412768589 
13.55343230892152 2.0 0.9894733471729106 
10.465891340418409 2.0 0.4456652454046708 
2.50466704784875 2.1828534636070978 0.0 
2.0 2.0 0.5324809968621681 
4.289147179705822 2.4693634833151483 0.243793972518261 
2.0 2.0 0.44578303275011066 
12.71432457103498 2.0159473881686063 0.5 
7.320643981511142 2.0 1.0 
36.16634610663622 2.0 0.0 
2.0 2.0 0.5205852541035618 
18.960224788767693 2.0 0.5 
2.0 5.679008429633359 0.43965760975899937 
7.1742558617252925 2.129318464997099 0.8118716079939021 
18.994542858041594 2.011972688281983 0.9630960989442845 
6.582096432934726 2.0 0.5339620912497578 
2.0 2.0 0.8689315916088174 
2.0 2.0 0.1697573217951116 
19.70530836425572 2.011693432990838 1.0 
8.05755259842913 2.0 0.8907786195947924 
18.465707221697023 2.0 0.0 
2.642793790796346 2.0 0.7426617091995829 
2.0 2.0 0.7270218523901107 
10.257675047933251 2.0 0.9256951138009957 
9.669322004494099 2.0 0.6046645269092938 
2.7750077477465807 2.032328671623405 0.5372503443026747 
2.616173877878238 2.063873672643804 0.5 
4.739874723784103 2.101243294520314 0.9437714089170259 
2.0057197463745435 2.0 0.2306821547070551 
2.6403027742213108 2.0 0.8201295914299637 
3.675469900483292 2.00115816884632 0.2643876906116002 
2.9698631419505683 2.0 0.3201765284194925 
4.693039750486225 2.0013672261088282 0.8397993723269316 
4.945907414113044 2.0045330299670687 0.4987794535443094 
2.606451042663434 2.0652674440704692 0.6364007062650268 
2.0 4.4879197942549425 0.22363943055493754 
2.948464624759762 2.0 0.9403552089921825 
9.292116891419155 2.0 0.3874841947516917 
7.611092174418145 2.0252261991868 0.6649450088822004 
7.972429989220134 2.0224891885373997 0.3779465749900913 
11.534415523054408 2.0 1.0 
7.067712720379934 2.101560216731407 0.9290975290855703 
8.570421648144038 2.0612392172195624 0.9262148436256978 
4.024435304218068 2.052507330469328 0.5989413003808419 
6.874590746561733 2.228778835761913 0.48637304877968135 
5.550673474204041 2.0 0.40856315160392975 
3.24794721320582 2.0 0.8684706244722624 
9.293182378691796 2.0 0.7783622954231735 
3.661841205108037 2.012161634176689 0.196380202957018 
2.7080327365388808 2.0434540253568296 0.3646283001527231 
2.0 9.05575664492732 0.23609448239897107 
5.7297586622971135 2.807570461862231 0.0 
5.653169850822106 2.030905611175931 0.6557793180040502 
3.1786200005978555 2.7476288188296127 0.2809883141090057 
3.284729941506687 2.055085962279149 0.21614598802762314 
2.0 2.796563790175298 0.3233823688854722 
2.9391421510318727 2.0 0.5684583456334343 
6.131603323440486 2.0 1.0 
4.129189146292743 2.0153446951693916 0.38677776012318366 
6.133258040772025 2.490294341393002 0.0 
17.314039546429726 2.0 0.7708807739468979 
15.22728043590335 2.0065071402912 0.8567864632597633 
3.6711693867721205 2.488912189297976 0.0 
4.872136871990243 2.7743285381823255 0.07975276653037383 
6.245246091490966 2.1890123064296167 0.9012858412318432 
2.567249803763965 2.665378253595642 0.10526159554520706 
6.598932411220158 2.047226025421155 0.0 
5.498377911280822 2.2664602432664798 0.3153498428712339 
7.88592259576535 2.0357340354226046 0.7305706166268153 
6.589435348304199 2.0498853052298642 0.190299709304071 
4.404665769913489 2.0 0.33966910097298353 
3.729310026850916 2.0 1.0 
5.059967800614677 2.0160584989362986 0.0 
2.0 2.8162774490732354 0.014659326785915527 
9.990633872716327 2.0 0.0 
2.0 6.559678729288475 0.018129148508988835 
19.10471054880097 2.5955999445947695 0.0 
12.85860023163983 2.0 0.0 
8.677375065234955 2.504802702244183 0.0 
12.620198282850168 2.8341803307752502 0.0 
5.0098467013718135 2.0010124493718515 0.29355541627741943 
8.437181686501521 2.59608579634018 0.0 
10.717453578203704 3.1987912543816903 0.0 
2.5916139030429073 2.677375176511058 0.14570294803896366 
10.766893153436207 2.1002308665180465 0.0 
2.6677122910561275 5.086144579694763 0.008122349095373085 
3.428962817395349 2.004463201227619 0.4494577540683254 
9.72213458354892 2.6939680225379843 0.0 
4.404664243475959 2.988420424351868 0.27915103420567794 
