2.0 2.0 0.026779208867267756 
2.0 2.0 0.0 
9.159403778735111 2.7846201642807227 0.0 
10.398119106912034 2.0 0.0 
25.534223031458158 2.0 0.7218666839643142 
2.0 2.0 0.55 
31.810678160425333 2.330916277771137 0.5159901642950065 
2.5702376257750146 2.0001721302239415 0.32649586672248776 
39.481128840575295 2.0 0.0 
2.0 2.5053725036876386 0.07514423705991993 
2.0 2.0 0.5218990623402366 
2.9016594773661004 2.0 0.5735338724437773 
2.0 2.0 0.45190793547711067 
2.0 3.023563349845091 0.15219444359431342 
7.377619087065797 2.3143557908036367 0.5 
2.0 2.00033892640113 1.0 
3.591628370086744 2.355817493990162 0.268374479289156 
7.549580820491791 2.215738073499933 0.4071495336379094 
4.284959249041108 2.5000814106644325 0.23450477464118633 
13.03191009783567 3.0483637115530047 0.0 
18.731357801630352 2.0 0.5 
2.513430742011891 2.0 0.5045543842084612 
4.556239213765242 2.1507665174717783 0.22988566351546655 
2.0 2.0 0.23937182056887052 
4.040673907538648 2.0963870521351757 0.0 
3.2184786794784586 2.0 0.0 
7.1299373009448805 2.0 0.0 
10.996000246987874 2.0 0.0 
7.921255705795113 2.0078260243885286 0.8889918014426894 
4.832122763054048 2.0 0.7450574176833792 
2.0 2.0 0.9396209237000313 
7.511225109420998 3.1991705860803936 0.0 
6.628316101616712 2.3883004553791585 0.5352660249995034 
2.0 2.0 0.715136924860653 
2.914322672033318 2.4872547835142593 0.21239327766816857 
17.869878738388635 2.0463138899433466 0.0 
12.916932674347846 2.0 0.9633155027706433 
2.0 2.0 0.10755458189658462 
2.0 2.073568195902972 0.1835118309020637 
2.0 2.0 0.15177879223348228 
2.5117233704482334 2.0 0.5531534890509847 
6.916632840367203 2.0 0.9275761419485254 
2.0 4.1173656954237465 0.2219636774878727 
4.997905508497112 2.0 0.0 
2.0 2.835100601598118 0.32808425601634705 
2.0 3.055586673268954 0.03028279486160411 
3.699433934667793 2.0 1.0 
5.734174655769172 3.0549145228698285 0.0 
3.21997772988695 2.6440604593946184 0.2901983812681461 
2.700065621832797 2.0206683389999323 0.6137800095597515 
9.492070701215473 2.178372120739591 0.6715684685695436 
2.9194628236359357 3.1034714753287194 0.022631204312134723 
3.6368310804628994 2.388762818812442 0.5842475977152869 
18.763263946391852 2.1065825728059484 1.0 
19.55195221345151 2.0 0.9782997532668418 
3.2129766768046655 2.911496697930216 0.12216095418712036 
3.03914455455024 2.3184735655010917 0.8112545145667545 
3.3692251615910243 2.0825437217964833 0.8791428768337206 
3.2675638742192428 2.348978037553671 0.450841455774672 
6.983126751435355 2.2776679911869473 0.8196907485440224 
5.421501139063325 2.014446526440868 0.2781283930654629 
17.279671569931306 2.0844808411365374 0.7078969940063026 
5.558688644750029 2.339733342273321 0.8929104183273983 
12.69009027490143 2.0 0.0 
6.560152384145466 2.2464147556064966 0.972828929961425 
10.416832074891325 2.2440324421795164 0.5 
3.191496857187444 2.2977686872068523 0.36632657508038813 
3.0324590135693787 2.2131538416063856 0.95 
9.700208122223746 2.120714659598015 0.4103031053704855 
6.460341342901245 2.0143671645930428 0.0 
8.48717609501078 2.014477225347408 0.6966308918240298 
11.97215278196615 2.041097944319564 1.0 
8.384116499813793 2.2062092009285763 0.7187753682698409 
9.622705727943872 3.3307721067729155 0.0 
5.919573982756255 2.181950197987827 0.649649844098028 
10.512142488588985 3.008291502925749 0.0 
3.9228443737813863 3.187068994710615 0.15440310956661285 
6.432303011819358 2.3720392853267436 0.4314593989903722 
4.539930609628353 2.1270944037988015 0.3566782209014544 
4.63852558260316 2.3850458349754513 0.9649087642621879 
6.399974500069028 2.3190681654890666 1.0 
3.5305076086535374 2.4813410271268816 0.30337920396955165 
9.442997889023626 2.0 0.9619366826730276 
4.037578545746327 2.0 0.3859638292694275 
8.168238772628714 2.365346912642006 0.33561464536070684 
15.298078324179075 2.0468203506201865 0.9028454789410543 
2.0 2.0 0.8773961623733855 
5.0413294163909725 2.1663980775014204 0.47575519823270285 
12.894030968867556 2.122043234546595 0.5963864287249795 
3.0621730983414914 2.2590108979739454 0.14262655389182902 
13.840808386979237 2.2318507085247057 1.0 
19.02511099205197 2.940667275917254 0.0 
4.768249669150814 2.063209956665994 0.8655991750635315 
10.107085172705775 2.060817615140243 0.8934021492092994 
2.0 9.637575983613479 0.3329511219501335 
7.002265121249993 2.135717233219425 0.2126097606954901 
4.230902214453364 2.1521696400814756 0.22680314676297939 
3.4991595114477385 2.0 0.7184926820106728 
3.3420471480196463 5.103931078297955 0.07721355073703288 
9.169750080251461 2.0 0.3520573589990529 
