3.532110821023431 2.0 0.3741302511797984 
9.143605625634777 2.882848930736687 0.0 
2.0 2.0 0.0 
7.279545670577058 2.0 0.8345554580009251 
32.624264505784964 2.0 0.7739512697774741 
25.443951812242496 2.0 0.8213834073366 
2.0 2.0 0.04493250610534605 
2.0 2.122447153317085 0.5134113710372942 
2.0 2.0 0.19534370393683537 
3.547434040872453 2.0 0.0 
6.596167512847393 2.320817640040683 0.3024190808799846 
4.575000175395047 2.0 0.6948155065129905 
2.0 2.0 1.0 
13.366852512728592 2.0 0.0 
2.439352172505916 2.062610236274928 0.8641372708258708 
2.0 3.477602261352658 0.18655524630117853 
6.131543830484236 2.0 0.0 
2.0 2.133864696078662 0.24042474338078804 
2.0 10.359324559503165 0.2871680311284104 
12.5723265945416 2.0787390160379635 0.5 
4.646687842144168 2.0 0.28411870965113845 
12.700458844111754 3.23802860071822 0.0 
17.613514864072897 2.0 0.0 
2.0 2.0 0.4337256492373813 
11.497732741449829 3.241570460897222 0.0 
4.874997318330508 2.0 0.0 
2.859999996236208 3.0544454022417176 0.05186708977642576 
2.0 2.0 0.9341823805609375 
4.513741764406853 2.0 0.46796965863809953 
2.647602400843427 2.083372731261194 0.583467429508917 
2.0 5.933489081799364 0.38580655011431697 
8.159850738634123 2.0 0.5007010621690873 
3.717272828571902 2.215427701232814 0.2983546659189411 
2.5168513397065 2.0 0.7940048042274748 
7.152918914340586 2.2014830358479336 0.6039987355065182 
16.653341420880224 2.0 0.7860200121754176 
3.195992926097535 2.0 0.55 
5.602199787088228 2.1480127188332556 0.6081486966924294 
8.45186745547807 2.0 0.8300701385087909 
7.16108080586196 2.2777283415686926 1.0 
10.304280725341055 2.184041969419958 0.3986632852901038 
7.322697159584625 2.3034938675313317 0.0 
2.0 2.0 0.16372291182970555 
3.142747660590676 2.0 0.0 
2.8934865478486405 2.0 0.13977504501302623 
2.0 2.0 0.7265605137040334 
11.96304802305713 2.0 1.0 
5.12305825537994 2.303310297753241 0.24420480862370453 
2.745616554463822 2.2594604713942292 0.5 
5.607593125660712 2.0 1.0 
4.14193963775395 2.053911103341372 0.33908074470030175 
2.0827724432804273 2.0080814926366397 0.5513722986834796 
3.4414013302001774 3.4134052998598725 0.14265092081211841 
10.300830977115087 2.0 0.5 
5.169790305565275 2.2484755579231077 0.3452535357752005 
4.400950973042252 2.0 1.0 
8.898526025262164 2.336161055551986 0.7614153583712403 
3.807541033926719 2.047846504286754 0.5720189950256359 
40.4673966455142 2.0 0.0 
6.870807205298059 2.004690769054145 0.5 
8.825288648731995 2.348736329264606 0.9293918249854226 
11.053441748257969 2.306567266945512 0.0 
7.7702950497555365 2.109066073561261 0.40172565603218297 
2.0 2.976933908214406 0.027320146701893123 
2.761999528362672 2.112739507812541 0.7379085976865386 
8.096002801430194 2.3840758329207 0.7324710183738088 
5.888252182520769 2.0 0.40130546150789526 
2.707375539688834 2.0 0.8813897450891203 
10.176033733246772 2.0 0.9379352038503384 
9.72790003877829 2.0007829787874467 0.0 
7.139385107901559 2.0 0.2379085976865386 
2.5463881261601586 2.0317440572434506 0.9490879731124293 
18.685300040134408 2.0 0.48045847641815975 
2.5925643033709944 2.1296185270480263 0.44080008156565076 
12.8509670252602 2.249545905543771 0.8513961555754654 
19.37362844317335 2.0 1.0 
9.07833647222462 2.0 0.41308989838635196 
14.456523069571265 2.0 0.978366713024662 
3.2086930256368085 2.1642453688672134 0.359192057552535 
6.234377711242251 2.0637444923421 0.9192387693509662 
3.779538160318375 3.354619722862563 0.17618005031832296 
2.0 2.581290611560344 0.31057842932789065 
5.356181485127792 2.0 0.9521422258750187 
30.88459944371869 2.2251279089062783 0.4733557582721487 
15.107036371123066 2.0564648508405803 0.8509231182911052 
2.0 2.5256374226951626 0.07668090943485956 
20.097614116147973 2.0 1.0 
4.596565389053868 2.1300268334493224 0.835324237933255 
4.257759042977686 2.7413520465907757 0.258971390275763 
4.045397501456151 2.0445137477833826 0.20755453973726795 
8.040483157453455 2.0670467719655043 0.6229660653482378 
7.246137146425394 2.3004757015358144 0.9181815710469847 
9.58147486900966 2.9523417447612426 0.0 
3.1759587579782362 2.004714018298148 0.2000847373541541 
3.2123721319418186 2.059015875589361 0.32909012110077285 
8.359606004352717 3.3033021144445707 0.0 
2.405240863354422 9.235261198954628 0.30590016614844956 
2.6578643356036786 5.022192803746804 0.1274765954377924 
3.399160521412009 2.0 0.6249652733079956 
2.0 7.39780606698247 0.11033220894876172 
