2.0 2.0 0.015269439185875311 
2.0 2.0 0.2410403186548017 
34.16541426025524 2.0 0.6979057008824558 
2.0 2.0 0.0 
2.0 2.0 0.9386882677990159 
2.0 4.136605688621231 0.21588664140940872 
3.4391840436466694 2.0 0.5 
2.0 2.681756785531427 0.007050878780905368 
2.605 2.0 0.5586920462832694 
5.431500976390592 2.2100471150136007 0.25661502405392034 
3.494641095533965 2.0 0.43184970627078756 
2.0 2.0 0.8779494743851917 
2.0 2.0 0.7206844157313459 
2.405483671418425 2.0 0.451248316097816 
6.4694876811865845 3.0409476926738357 0.0 
2.0 2.0 1.0 
2.1711238744831105 9.033528324716789 0.29230786337405146 
18.714289642400022 2.474435697632943 0.5882009901482279 
3.3392658641884303 5.053525155539857 0.1288988168395323 
2.2016593175153583 7.3814952316344895 0.04884085148624338 
6.603605204797981 2.0 0.5893646413792464 
35.52790312134294 2.039646290206264 0.0 
12.167241189289658 2.0 1.0 
2.0 2.0 0.5072166042042119 
6.489717219099237 2.3809448965589435 0.0 
6.115374443133209 2.0 1.0 
17.3170586858796 2.361030526045077 0.6470635087158416 
4.491821986751178 3.1760111586337194 0.1830117004623268 
6.7700822116748185 2.2136671370999985 0.8336219910230229 
19.210065767556085 2.778634999391793 0.0 
10.199001636383258 2.1598613491768606 0.5880165272085353 
2.6092261675891146 2.4630711402277456 0.9458582355008307 
18.82725284975425 2.0 1.0 
6.973037341355117 2.409314902181931 0.2511738823207189 
26.950930563320703 2.0 0.7846503229223138 
2.0 2.0 0.17699554542174867 
2.5115228216013987 2.0 0.20728471161894985 
7.0043093708522495 2.0 0.4635590742123261 
4.091628929081137 3.4401333734284485 0.23893779150370867 
5.476790305760845 2.286093835747133 0.4517611511477857 
4.811137166832625 2.0252114928321028 0.8307911000897399 
2.804778969874648 2.0 0.0 
9.541921177237699 2.0 0.0 
3.5875734206123244 2.0 1.0 
5.868968253760571 2.471763410533763 0.4228168387453879 
8.946622140048635 2.0 1.0 
3.4644029674845447 2.0574361876960765 0.601945939865417 
7.993082553403937 2.0 0.4025422045151765 
2.0 2.0 0.16824615085771705 
6.6783579491033045 2.0 0.9517712786834734 
7.1133792235083035 2.0 1.0 
9.550992308846524 2.4833296014127137 0.8907034773207102 
2.0 2.8248577139692364 0.16796398231692417 
6.80953984174981 2.4088495332872375 0.0 
10.671043282934733 2.0 0.0 
7.8138196026560545 2.145877426455801 0.503500314869064 
3.165182404673728 3.363752256497241 0.08787173807428764 
10.488797210063815 2.0 0.4545729092547085 
3.12699349869237 2.107382230412121 0.36666727991252024 
3.4096195008707273 2.90134147411725 0.3001655997487577 
5.452870489003644 2.257413138790247 0.0 
5.764504971994017 2.4549609883495793 0.9187902532505008 
18.055946778602987 2.0 0.0 
8.124426650835826 2.0 0.638362771243786 
4.4278012537550335 2.272324902972514 0.31927996822068316 
8.740897434141548 2.0 0.7120694481284076 
5.249000562063172 2.051797851286662 0.9905220781400079 
3.6156131990269307 2.0 0.5776623464875533 
14.472212787899892 2.0 1.0 
3.5620547667368467 2.0 0.0 
7.831411252306062 2.0418320184975682 0.7993503811775695 
2.8670651820822948 2.039339443673874 0.8260952405862567 
7.989275437594525 2.0 0.8118618757792857 
4.522815242426153 2.0 0.3161062084213492 
2.0 2.4326326288663505 0.5487214075506563 
2.952641954184082 3.3041312143277413 0.16817189746912656 
14.903748278581762 2.008840549890891 0.8954886106434036 
5.629279223276981 2.0084372287062218 0.6471065537223641 
2.0 2.623164448564529 0.32407656459583356 
13.32573104640614 2.0 0.5 
20.320044866199236 2.0 1.0 
3.1850681295397134 2.004932497129561 0.5831004675033229 
4.091635237946154 2.1721854149722297 0.24418859104450716 
8.689712721714642 3.2025619668969 0.0 
12.988665589780453 2.0 0.0 
4.590342747739868 2.0606024774959453 0.6986433920509346 
2.911987950318503 2.0 0.8713747770589388 
3.62635022826006 2.0214095176194893 0.3719548002989508 
13.32024836195321 2.017555185148466 0.9612290180502467 
2.0 3.027247612878146 0.0824408567325664 
10.079704827307811 2.6286208221670466 0.0 
8.76027732287299 2.009920221655176 0.369099824257233 
8.341725116062225 2.8154897729936716 0.0 
2.8379131237253272 2.0 0.1415263381794205 
11.114407224996391 2.8576823230183632 0.0 
2.2237439915244366 9.560387944261711 0.3081051926092488 
2.0 6.136707192627034 0.3878769669808574 
2.808859030223302 2.044728238888687 0.7350500846580108 
13.312576640973639 2.9335832640150477 0.0 
4.106039004212039 2.0689578529339987 0.2913981738732846 
