42.72013569326415 3.2175373055733854 0.8913398259378162 
2.0 2.0 0.04745531074576603 
3.058369083656823 2.0 0.0 
2.0 4.369143584832999 0.505068487602871 
4.006096989337184 2.0 0.0 
15.921209587786432 2.558383858927756 0.5 
2.0 4.892521106872151 0.3095780128208683 
4.19783730363556 2.218687128785402 0.02303721135651335 
23.757353127757924 2.586582496333662 0.04979416462008579 
2.0 2.0 0.0 
37.43258393987861 4.390903934406511 0.0028809305797747042 
2.0 3.744576799550891 0.6612970939036942 
2.0 3.4100918523431503 0.9229879480193918 
2.0 2.8872143404903006 0.1698177064648978 
2.0 3.422867481878133 0.0677515395851796 
8.33015827107485 2.5779115458191755 0.17351257918602322 
2.0 3.0260506332238046 1.0 
5.183861576018684 2.0 0.0 
2.825662076063351 2.9680452560116515 0.9304692930487551 
2.0 4.340151277796443 0.8141206325023821 
12.192563938640571 2.747859137291141 0.04130958287285602 
2.0 3.420389933790621 0.6204332185361466 
2.0 6.3483378442671725 0.0 
2.0 4.149831969055229 0.6292027324521562 
4.754659206319946 3.3293212114749506 0.7349528905856264 
2.2330246379848546 9.72768625878446 0.0 
2.0 2.9343907172492285 0.25209323219293733 
2.0 8.855183082792106 0.0 
4.50097129098485 3.3660165455908246 0.5727080091713767 
11.298366905521409 2.8796401944754786 0.0 
2.788838607022326 2.2496322708806558 0.09855115738733997 
26.137069423315648 2.0038447646738904 0.0 
2.1428100308393505 3.3100070925672327 0.5273522973590908 
4.894453986595741 2.868902582739953 0.4749898632432249 
2.0414316986749284 3.5176752700292404 0.3742461103036998 
10.005950984678432 2.705520017858815 0.6075824514370847 
2.0 3.733480211960473 0.7968146961205258 
2.346242119010098 5.849201740628947 0.04053392243179893 
10.547238483611906 2.0 0.0 
4.209009877963052 2.714838474517501 0.22046494086235358 
2.0 2.9458743488090886 0.29254945623490725 
2.0 2.675077345317815 0.4029362058839048 
5.863900128752038 3.1920548822833337 0.0 
9.493638230920073 2.5309859316521015 0.0 
2.0 4.295597666631067 0.7452214896564111 
2.1823015339063896 3.6212084158215108 0.5575090912854803 
2.5586450945866597 3.70370329777495 0.2349908444476218 
8.023735542024351 2.7224569446841818 0.549857151738999 
2.0 4.1087151302066705 0.2613256668331905 
2.0192294541915796 3.351001307607752 0.6433538903245783 
2.913029940777991 3.017285958314322 0.8234710601005328 
