3.0500301958368308 2.0 0.33395270532715293 
27.402231485904164 5.995853362619037 0.16180785981965864 
2.0 2.0 0.8392596099255355 
3.575145442053257 2.3917346913853192 0.8972401914511171 
24.447037205837425 2.801257700359694 0.0 
2.0 2.0 0.7357146273176065 
2.0 2.0 0.0321400172062794 
11.353413514514244 2.4041867591904302 0.2812244316106349 
2.0 2.0 0.7138883454457112 
2.0 2.0 0.0 
6.342066334118945 2.0 0.8809569560285329 
2.0 2.9542885830503645 0.006997782967383098 
11.437858969810634 2.0 1.0 
3.243047841502629 3.360240948869004 0.7631671249830184 
5.916175651388741 2.0 0.0 
2.0 2.0 0.7698721202005094 
3.5082352851709446 2.020098316206525 0.02335253467357834 
3.0615076872496063 2.0310799734981173 0.48205174533509426 
2.0 2.0 0.9091593252979948 
3.1308546365044987 2.2594761887373562 0.0 
52.78533594425864 3.4493970777224994 0.6244095735666103 
4.990021199034647 2.61071733344273 0.8790849267278062 
13.24081517450361 3.3013779775656125 0.0 
6.49184665595468 2.0 0.95 
4.582547516452282 2.0178891079957975 0.20256063695610438 
2.9122306381386536 3.272713785740714 0.6884498018039155 
20.006365900381063 3.297028061123445 0.0 
15.315985474992358 2.0 0.5 
3.1284594599549327 3.117738582457998 0.6600518991843596 
17.926292858726004 2.031051930586861 0.5 
4.4069948525328195 2.5753088080552375 0.3899872106200811 
2.0 2.8807483624267816 0.893034952546568 
5.1086145193333055 2.0 0.0 
7.835338880621997 2.34020813236007 0.379124597311734 
9.12612278351348 2.0 0.5223662946604909 
2.6528144140662837 2.0 0.0895689177895934 
11.402592743237259 2.0 0.8954156884694934 
14.475539162359235 2.0 0.8930495601407039 
3.661108921107216 2.4754408997111237 0.7896771831276626 
2.8286856034043844 2.6559882188491923 0.5648763846401337 
11.793747487035311 2.0105557266300065 0.447612736660265 
7.474869904642695 2.133059773415017 0.0 
2.0 2.5775360209931346 0.09051395235700567 
6.03316924624264 2.0 0.6947968180340044 
13.033119293419386 2.009427931699548 0.8570205203809218 
6.378166512306638 2.303476419400154 0.7879630394679179 
2.532585266608457 2.5794318257235047 0.7946864473947258 
3.1394139559249488 2.239918728654076 0.13910415715401547 
13.947026371523709 2.4073497495565084 0.6649911787316723 
6.860444755602623 3.2079938114315603 0.0 
3.8894290442669934 2.138484107933028 0.8392969945839532 
24.35748807478699 2.0 1.0 
2.584976923608011 2.382711996900718 0.8242601088851795 
10.275785209660764 2.032863554899309 0.6623487619023728 
3.93711733950533 2.0 0.252494585003594 
3.4491347792177827 2.227694546706967 0.7428547489617543 
6.043475732710868 2.3398747032996745 0.21890316634783458 
7.3403524921474625 2.179549826065193 0.2568852689886404 
36.22563088838011 4.055074015563867 1.0 
17.6999912345818 2.0 0.8747871375562026 
2.7872560177818375 2.0734140571567305 0.1913195400155949 
3.403573012044444 2.035160075913423 0.6894642168468933 
10.959299822025766 3.0404978290464064 0.0 
11.064299291558541 2.216428864525382 0.0 
17.217801465127216 2.4405372370670158 0.6488413915922207 
