26.612347798386804 5.541379352123368 0.7618632523181255 
40.49467165456673 3.7463990294974265 0.41771498429915604 
8.772842064817702 2.0 0.5472129672208377 
5.561097948160416 2.0 0.7708873083566831 
11.794840490875417 2.1579614542906986 0.448762768626187 
2.0 2.1914238196880995 0.7743784328845156 
5.928279580235621 2.4030715103849154 0.7356015510052402 
14.105096836110901 2.0004606011189816 1.0 
2.750645288122157 2.0 0.7512552242795225 
2.0 2.0 0.0 
15.256155879321762 2.0 0.5392992759990363 
10.74703844588992 2.201605561088252 0.3156719598387521 
2.0 2.0 0.013385484647317814 
5.625242317567441 2.0 0.0 
6.465750176860316 2.303544682716214 0.18673400159485803 
10.877066433441898 2.000141057299139 0.0 
2.0 2.0 0.9183212291240141 
3.523726960829864 2.0 0.01259381678364932 
22.90947467447969 2.2854417934833853 0.9879022909965368 
5.221173594228734 2.0 0.23117170128376952 
3.3659938176684974 2.0 0.4782189677682716 
3.4883932743035624 2.120486304114446 0.14956205254509441 
60.26571748064819 3.3234212902398914 0.47171906844666045 
2.0 2.0 0.7176613845716392 
13.179899568828347 2.0 0.9114073472040509 
17.800671501669054 2.0 0.6352961837479325 
2.0 2.58536291138238 0.09295379494800299 
2.0 2.5545602150139675 0.8488958259149193 
2.0 2.0 0.7479045199507757 
18.080034161125354 2.0 0.7561482264331421 
3.4037168501007984 2.041498409098649 0.8449738592469251 
3.7394145924050166 2.029849821912864 0.8706709903716616 
11.229924636200606 2.0293614261178474 0.9722443699754986 
13.745687807102444 2.1550862414589544 0.6022281642429586 
2.702467281046075 2.1699152820401517 0.3359976921124185 
6.732148387288555 2.0 0.0 
2.5011921757027697 2.0 0.08821904433753427 
24.006347998159445 2.7945575127241016 0.0 
3.373968938152972 2.0 0.0 
16.79270208930092 2.001464459278871 0.6814591413252745 
7.162902014624432 2.000737203510314 0.23522153556736514 
2.0 3.0864851633698116 0.898974153082122 
2.8358216869888495 2.0 0.1907609044021206 
4.133189744648874 2.0503620787707484 0.7635070485180715 
11.366942229303836 2.3613565459942163 0.9099593121626375 
5.475511714261704 2.145709554210603 0.0 
2.0 3.341753580198006 0.06962084592808837 
10.184414926715622 2.169571420689541 0.7209688672046322 
3.48615560455113 2.064997732596694 0.6911648107783589 
4.4436342177115264 2.216295842617597 0.8102546683854028 
2.714426416758156 2.007997537948867 0.8121052699769896 
2.0 2.0 0.8478910490289594 
3.066214595653313 3.373234497595833 0.6941250522448026 
7.673687244494021 2.127541179129243 0.35937349965035326 
13.059661991451485 3.2434314037617225 0.0 
2.5438699028437632 2.506182639186113 0.7575983005990515 
7.00147813732505 2.538816864412699 0.0 
11.56087894083347 2.6098620999564903 0.0 
5.629409550457195 2.3279959021601684 0.8943011478070406 
2.53736670577441 2.7224049213456945 0.622208594025066 
4.489279447602829 3.065421721735481 0.4151933703566049 
19.848218515963573 3.009247698215864 0.0 
5.7098797613066115 2.488626110774038 0.8815188263187426 
