19.043882025436915 2.0 0.5844688340710451 
2.0 2.0 1.0 
36.090888027675604 2.0 0.0 
12.019555580746262 2.0 1.0 
32.491561024723055 2.0 0.122907496242326 
2.0 2.0 0.0 
9.679010846378665 2.0 0.9577703755792216 
10.108995738276832 2.0 0.5 
2.0 2.0 0.9333550038132147 
2.0 2.0 0.5132152798872363 
7.659682546857415 2.125985286191125 0.8594447205427658 
5.555642010999122 2.0 0.9065195503408837 
8.05 2.0 0.5 
6.2828822549604375 2.215159077640128 0.967960986959495 
7.782359494717911 2.0 0.7477130137495491 
2.834763406631943 2.0 0.5264639926353029 
7.015766626479778 2.203570965738286 0.5130536516317472 
2.0 2.084216137333677 0.7145818404976878 
2.1225254042729365 2.0411699395908074 0.547140930267918 
2.0 2.389631777991407 0.4313476592763993 
6.676609715276954 2.0 0.23535332067177872 
2.0 2.0 0.04090890374102621 
2.46415140124875 2.7272792334088254 0.05643893864581362 
3.1827839193987604 2.7556220119110257 0.08470853355449282 
26.364298360086792 2.0 0.6288092836291252 
9.541348893835266 2.0020511272385186 0.4651817845774417 
2.0 2.0 0.15413395142575065 
4.416782486346941 2.395 1.0 
2.0 9.501721479352785 0.29639895611244027 
7.212358742135725 2.0 0.5397308261227644 
20.048101383296164 2.0 1.0 
7.024008944068671 2.0 0.7959436425565304 
13.125216698239486 2.0 0.0 
2.9825874298910735 2.699125337945972 0.11506280093049082 
2.0 3.536174961195167 0.22505581213276551 
11.070886568831181 2.038747439026097 0.0 
12.621085545927617 2.149614107668523 0.8745815919932987 
4.179905386198152 2.0 0.5559308581955851 
18.362766342911165 2.1187037417263186 0.0 
8.16081944362826 2.0 0.3981519461204798 
6.004187743614507 2.1637522803374503 0.0 
2.4189658629362603 5.901457863575961 0.37955906649892746 
16.707902230761775 2.0006183389289034 0.806342651304421 
10.014886617141098 2.1277725296606524 0.0 
6.461473252586016 2.2660102946147846 0.40333932827582675 
2.2372018223145433 2.745090212077672 0.07660620730968781 
2.640105085047775 2.0447398816413105 0.35192036554590006 
2.0 2.0 0.2407712962333678 
12.831358768765734 2.0 0.5 
4.471024959219513 2.3071456860251685 0.0 
2.9376208651238898 2.088295327967879 0.8898703389424136 
9.282725842128016 2.0427627027098967 0.3666171616733594 
3.3634663696388643 2.0216884730600246 0.19389603325812896 
4.989015245285941 2.1271869437639963 0.7012561177583706 
2.0 2.099886326458682 0.8711756145748792 
2.8682578090028907 2.0433347953077443 0.32488189805907425 
5.027651878318915 2.0259399050000386 0.35629035357879824 
7.6193975507348 2.015663817062576 0.6967842348785529 
7.805165392654138 2.693886576442476 0.0 
4.739218443544293 2.08552935833255 0.8492182261288564 
5.736647354339204 2.1613552065338344 0.6243428918427258 
9.033863531730205 2.3181486980343005 0.923491094276892 
9.48311502323818 2.8231604051038186 0.0 
8.663094853482951 2.0943689983765634 0.6895643747620582 
3.748608023186317 2.0227385165745257 0.2037134525974758 
4.57221589317151 2.0 0.0 
7.152681807264414 2.0485174973929143 1.0 
6.565741909243307 2.0 0.8882620251759634 
5.212085594881447 2.008746293845977 0.4768711410001665 
2.0 3.1042871619382626 0.3302510299078246 
5.40829992493461 2.0 0.26091698100705146 
2.0 6.946295882757369 0.12950286485675933 
2.7607323643932817 2.049471180208386 0.4413650072914022 
2.6590551316688957 2.390774827992867 0.5386467953756475 
3.456432292606026 2.0612938034244173 0.7275408148876439 
4.00008395038698 2.0615451419656186 0.2911420940157602 
6.8922458913490185 2.442429159327198 0.0 
2.5887477793204425 4.772437345544345 0.17521887280564502 
19.15943531905165 2.090204865243567 0.9861914652987378 
11.155774294215746 2.8017951518453055 0.0 
10.087229831107447 2.63573619288036 0.0 
2.898929327284029 2.1331634738304253 0.5829741789109072 
2.613243089349856 2.1205070768377885 0.8215439352682882 
2.840235545154036 2.008193525080322 0.1201553225526431 
4.0189040118656845 2.0 0.3232808536261004 
3.841728452626556 2.1111487306899237 0.3838067202437872 
13.64678725037193 2.0 1.0 
12.682688350717942 3.157033496371433 0.0 
2.0 2.1994784333062802 0.18244863611337725 
3.363771104516047 2.0 0.6337606182126461 
3.1968317021288404 2.0 0.0 
2.353022966240397 8.879227469733372 0.319514831081396 
14.964212924088523 2.0 0.8187048231585711 
6.903210869601786 2.0 0.3153620604575347 
3.175318632621323 3.5937060263836167 0.22133354447942832 
4.553115836492575 2.0 0.9413434975099455 
19.00545030952933 2.792131041320627 0.0 
3.3598820750067135 2.3180716054603687 0.9451084616966845 
3.7475761110076284 3.454205744815358 0.2962899125290607 
2.0 3.063716851212122 0.17778723868368862 
