14.616929337434208 2.411855156392825 0.43933224611169286 
14.152166033204871 2.3386732282005873 0.6464589805582917 
10.692751215284808 2.0 0.40059438522523527 
2.0 2.0 0.909294716809659 
7.035470242779365 2.0 0.0 
10.620931486675222 2.0 0.0 
2.0 2.0 0.7222021707152848 
3.142230670368992 2.17102564879848 0.809206689789691 
10.443375265326189 2.0 0.6653211781556234 
2.0 2.015067141409406 0.777876023656831 
2.213559427373168 3.3873282557061755 0.04506524647174265 
2.0 2.0 0.0 
17.71832185215628 2.0 0.5235233280037305 
11.21872247095546 2.0 1.0 
6.118080824063427 2.0 0.0 
2.0 2.3480653858515907 0.8361200722259362 
2.0 2.138463712183979 0.031708976876822184 
53.2433844483131 2.7171616444170295 1.0 
11.418052329066661 2.0 0.9325905985659845 
2.673034936095809 2.0 0.7187234217250386 
3.0186044316949636 2.0243011753424636 0.685393110295413 
3.401061124240914 2.0303127974256627 0.0 
8.282698516245413 2.0026158662345863 0.39533128990503685 
6.367764354565062 2.1760345379028325 0.21746099263860016 
2.823819101305043 2.042402935234082 0.47976404651436266 
3.5841552704984005 2.1242800754307694 0.03266282562833217 
13.194688102345179 2.0017049289668702 0.8595307496781774 
3.378273507836968 2.637167569351605 0.7436621127514702 
8.866201069694018 2.0 0.5 
12.468865878441648 2.3343519394467416 0.5292949991723591 
2.59765201464998 2.891440284448862 0.6298340516422265 
2.0 3.0918201709654882 0.08221815100102589 
6.116828031224546 2.0326709204107383 0.9392650959425123 
4.866521161949066 2.0 0.0 
5.644102033148933 2.0003761187290623 0.872832304587079 
2.0 2.0 0.7312800314394876 
2.0 3.0678559787903903 0.8708332394386429 
5.348403437491625 2.317198018144829 0.235958324851 
26.473713013754526 5.885165237575985 0.837318807179551 
13.747747642185365 2.0 1.0 
6.686102894813924 2.0889568445155513 0.21225650511547972 
2.6963323195462294 2.0 0.3129565938396093 
4.135037065993786 2.0 0.8841725686106713 
23.618360472950116 2.0526318998096507 0.9286425616500329 
17.25449134489375 2.025446655950728 0.6519084120352612 
35.5359738357693 4.448330163062799 0.9749849631482451 
3.2434293284630105 2.6879316745072046 0.5913617633567807 
18.357754791972 2.0 0.7981660670191332 
6.044090926396689 2.0 0.7081000515924266 
2.762855719142205 2.3119133993253818 0.11178297166908974 
24.08719539018052 2.64887523471785 0.0 
4.064299460386131 2.072817083909663 0.8325834537493552 
5.080732457105787 2.925848689930768 0.8380162505198694 
7.371132957358569 2.503886095135542 0.0 
2.534858104809116 2.2595294101765835 0.1896193175288574 
2.9950037306387784 2.8313884149624973 0.6816266023627269 
13.004134492026594 2.6064951435457164 0.0 
6.059006230103236 2.2871963395966666 0.8010394375351608 
3.2525376995316413 3.2514260735795824 0.7891352463634611 
2.9322688636592766 2.365449083752142 0.13036523207471723 
3.60422254223636 2.6164892409918377 0.39424253107956186 
12.011756665197366 2.5745369779878424 0.0 
20.27628999313429 2.9400785464163226 0.0 
3.591600796820268 2.0419635145439843 0.25437793555122157 
