5.092020986864845 2.0 0.0 
2.0 2.0 1.0 
2.0 2.0064695615109898 0.02265187216156385 
37.42418927764723 2.0 0.0 
2.0 2.0 0.5514593468803791 
2.5954317187644875 2.0 0.5 
5.4252927180311845 2.267836013948578 0.95 
33.74255168939098 2.034543795317129 0.3751387366004576 
4.247152626569482 2.0 0.38328345537244296 
8.488629882585805 2.36985063221162 0.4251917890744155 
2.815285648577001 2.0 0.5400886016948682 
2.9088158893767844 2.0 0.5827186078126826 
2.0 2.0 0.17900888847187568 
5.1245359521129785 2.0 0.33008243940385795 
6.891845859393439 2.3790058500592695 0.8751387366004576 
6.296898076327943 2.3340987581399206 0.9654045969439333 
2.0 2.0 0.0 
2.0 2.0 0.5231057718908247 
2.4524511570438454 2.2173037087756122 0.23132205067647738 
10.035884412702362 2.0 0.0 
2.988257210140225 2.0 0.6189431479709917 
2.0 2.0 0.9534696699621162 
2.0 2.3952166754803192 0.16826638988016632 
12.546855612717533 2.0 0.0 
2.0 2.355112906659467 0.1189431479709917 
2.6036081273523624 2.0555058229261913 0.7217192683804008 
7.054973937907608 2.0 0.44295892713461216 
10.978457475337592 2.395 0.0 
3.3122176229402296 2.6650645114084885 0.023947524129687245 
11.762869747480988 2.0 1.0 
2.0 2.0 0.8683437393273499 
3.3262301038353757 2.488632447183718 0.0 
2.250473383551398 2.6843427897980616 0.30945724899118654 
3.638539328931864 2.0006425853293455 0.5654205147663006 
2.6659866800119985 2.2392203551620535 0.3163095285112504 
8.938541527902967 2.054288046630191 0.9325945517592991 
2.8467608835648717 2.0 0.19068420775486383 
6.7258265930177785 2.0 0.0 
7.448291141057236 2.0 0.8101222143415812 
9.394655447882611 2.068863127389892 0.4084776207784694 
3.526731143741044 2.0 0.0 
6.589523589034974 2.0632647453526904 0.598097657511451 
12.807508136016862 2.0990347856452076 0.5 
4.525636192759522 2.0 0.20468105297473455 
5.660604724380383 2.0 1.0 
27.338722119648224 2.084693306369025 0.8361484692345386 
8.494411621255873 2.255204875665611 0.6727951992433535 
2.0318889446390944 2.0 0.7076208068555863 
2.0 2.0 0.32392290354213304 
2.6320950583727893 2.094502640619394 0.8185635032910481 
7.532450931849609 2.012575967188534 0.3260242056458878 
2.0 3.235384681886889 0.012244185058708945 
9.757508333363388 2.0 0.8951269151609312 
2.0 2.000160915670135 0.4361943305628525 
6.114679252620011 2.050205598591507 0.4385900796073376 
9.853928795997986 2.019897228172365 0.5 
6.299045350160152 2.2935439930017854 0.6361657724024301 
4.615090481682333 2.0317943850092868 0.471055219218624 
9.940591878641854 2.0760676860954597 0.37978630593972895 
10.840419109885799 2.0 0.2721932666433531 
2.0 3.1941592870868796 0.15623530650550616 
9.450466220332856 2.249902386772397 0.6877735285225375 
6.7667724103664035 2.028363676227672 1.0 
3.6193584070957083 2.03734578546146 0.2369310462739949 
4.795672906120364 2.0483757422806934 0.7307594581867987 
5.755884542661604 2.0 0.0 
3.900401200040857 2.107997362727341 0.2644751791695671 
3.142378433575735 2.0891694651303974 0.42880668314315235 
3.177393157700224 2.7420456405787013 0.1492813931292738 
2.7488627993789168 2.0207635985100643 0.12224835884556642 
3.8352270804817206 2.0005139139081765 0.9716586720725358 
5.691165011117 3.0335621386768583 0.0 
6.778979369642338 2.0 0.2528119306313037 
3.6921334863365702 2.5932750735972108 0.19140391588445538 
3.727829280912752 2.0025966926615335 0.31754583542286186 
4.508498318349876 2.0 0.26074302019140205 
7.522002344475485 2.00000047030995 0.7971271796798876 
14.096271862507137 2.1123737003769 0.9269064387666857 
7.9556899203262486 2.047500453686297 0.8489053331962868 
19.004657654652853 2.145116898717284 1.0 
19.384181387680506 2.0 0.5 
19.782164968449074 2.0621154727154685 0.9734711047715823 
2.5025086624900057 5.095782472715317 0.015166039116089616 
7.905711809802869 3.3132262059709 0.0 
4.510249452647406 2.1207103970730445 0.8227802302159661 
17.245894003939917 2.0 0.6419614214577456 
2.8126939662438444 2.028382449752401 0.9553667551670122 
2.0 2.513812627737943 0.10388349490773097 
18.2013697536298 2.1566381407753163 0.0 
2.6601892312139035 3.0816493046407833 0.31731279524794204 
14.623971199329603 2.1470653866979674 0.8858891426410743 
9.789297537776367 2.5166286704661314 0.0 
2.0 3.7568377789435914 0.21312203653785766 
2.951908885836116 2.0333751106292124 0.35838311820385893 
3.78446293131079 3.0320422904770554 0.29539674287188267 
10.656704817633859 2.556673975165336 0.0 
13.465330487500163 2.640338945953637 0.0 
19.060729151041365 2.7041353587369836 0.0 
8.66348383433268 3.0429460132027026 0.0 
13.359970601159556 2.0 0.8518085862380712 
