2.0 2.0 0.04974074270706713 
2.0 2.0 0.0 
2.0 3.3666097903141288 0.44729672505734425 
6.590489390842116 2.0 0.0 
5.07578575575565 2.0 0.0 
44.32323044264731 2.5682976833263425 0.2901667517978327 
8.29319780275221 2.9381973440506455 0.0 
36.324633929407575 4.051504754967015 0.21348879427327389 
2.2111781960511476 3.0845580935550547 0.4090468798735044 
5.537505493672427 2.0 0.0 
21.86348369048401 2.742319769137091 0.0 
2.0 3.372944927796315 0.20617720310991142 
2.0 4.678203069042048 0.0 
2.0 5.546361313505626 0.505 
9.19876201259027 2.0 0.0 
2.0 3.105461320094547 0.45289176469860504 
2.0 2.873883627228775 0.059904109766409794 
2.071746448378068 2.1688219590598115 0.10225365720208995 
2.0 3.2649911121007573 0.0 
2.028704909465732 2.8736948327092993 0.3530885851228529 
2.249527812870907 3.7742379219405464 0.27864284272009754 
2.0 3.24541816342069 0.5787122021773131 
2.26070109393591 4.092559788551851 0.3596810270024939 
2.011471289430405 3.244448703004605 0.5267941522643198 
2.3577148398990184 4.022024356224418 0.30505361511766727 
2.0 2.6062700533454137 0.6546715127926359 
2.0 2.0 0.16932224773447474 
2.0 2.9682259111783953 0.8968604308859425 
2.0 2.879716802990126 0.8019478722562592 
4.717969433622143 3.0044966920851177 0.0 
8.18616258146388 2.0 0.0 
2.096362730137141 2.504282589557569 0.6758931402723127 
2.0 2.554544019596417 0.6240569919516075 
2.0 2.6352177521140905 0.5 
2.305336120180155 2.715260436426778 1.0 
3.2210805894846866 2.5446886491132967 0.030275468471840372 
2.021205217648549 3.196705755769111 0.308259717452943 
2.0 2.738013599568935 0.8446665565422642 
2.0 3.323140040803214 0.7482254998940012 
2.349253929935439 4.472416286835151 0.0 
2.2130068875756344 6.233103893500531 0.15242897986595016 
16.50323110868482 3.1525930483988684 0.0 
23.389721504764314 2.6006547266174986 0.0 
2.0 3.74986368667319 0.10939419087957308 
2.0 2.6174281572373803 0.95529716864581 
2.0 3.3034104349888014 0.2540561459447829 
15.484588869338285 3.10155965612631 0.0 
2.2875945091129015 3.1415232579104244 0.9308263894866887 
2.4916108449191556 3.2496494148442014 0.1661743838899072 
2.0 2.735802456488514 0.7853206937671782 
2.905666866943104 3.2774691384243315 0.15569213124189446 
12.294653033025925 2.808990630543108 0.0 
