37.667554761929935 4.467745823722834 0.6232413895158866 
2.0 9.407073325250055 0.31006837987696445 
2.4816921856219825 3.103215237233762 0.8114712897910166 
2.0 3.1650502540187033 0.8585805889751543 
2.0 2.0 0.02627139923861621 
2.0 2.0 0.0 
2.0 2.0 0.11638072174299766 
4.934262932683566 2.0 0.0 
2.059347027757809 2.6839157173351027 0.221021617202393 
2.085622811305568 3.388904310965017 0.6513211260065206 
2.0 2.0 0.17544807049909816 
2.0 2.9403592993113365 0.37183347219024265 
3.3530120739907545 3.1611960906760252 0.03902680562832008 
2.2730988983978584 3.197682093979254 0.17665428672917183 
2.0 2.509659310492581 0.40222873239982304 
2.0 2.7439486750304045 0.0 
2.34009677690881 2.9680640864683405 0.7181415209536087 
2.074602043008845 2.725283816754438 0.2649740659079281 
2.0 2.0 0.28688137031194594 
2.0 2.7946924621028932 0.01586531246624988 
2.0018122218686547 6.042032403107133 0.18329450603050407 
2.0 2.7621978093155777 0.4719745234075913 
2.002624497637668 5.987553648466539 0.5 
2.0 5.0703412825750975 0.0 
2.3270576443249817 3.1293578991983 0.8784021512036291 
2.04810729695434 3.446395624838722 0.5942643808997925 
2.1823400777306188 2.8870282320304774 0.5 
46.48053640869499 2.799276598139863 0.48614955866591497 
2.0 2.5036726568656773 0.7854733955397709 
2.0 2.5873214019079755 0.55 
2.0 2.9834712626242856 0.4275751963204366 
2.1921641970104617 2.8268506974397676 0.3240089971574191 
2.4995381928964626 4.213481379912613 0.31528217769639166 
8.7282722871482 2.0 0.0 
2.4344734896306646 2.926594220921362 0.7012108904201844 
8.016538234827484 2.0 0.0 
2.0 2.5908762798837737 1.0 
2.0463771845902348 4.379374702595334 0.1431194725858816 
2.0261477301977693 2.89538886246832 0.62828471367608 
2.376632776244921 3.5020606854002745 0.0 
2.0 2.958214880845463 0.2395248237254085 
2.805089737584445 2.6733923361624123 0.2887529491256849 
2.5461424918676188 3.3116976795776862 0.12161343323419915 
3.517608384575029 3.4517804732072945 0.28809447547555445 
5.640882978422309 2.0 0.0 
20.92565973127681 2.8381972169917558 0.0 
8.05 3.293281751283646 0.0 
2.172971964612273 3.8329582078261284 0.35444131724483063 
2.0 3.0685327129379445 0.9703135267604334 
7.452988051500504 2.0 0.0 
4.941475897216524 2.6603452736373963 0.0 
2.0 3.269485932410532 0.9364643153281327 
15.206140715135176 3.290438041809169 0.0 
12.29957640512692 2.6390580455766597 0.0 
