45.72021501544346 2.9220245333251498 0.4051060935451283 
22.816568707536497 2.8064032379288446 0.6975267395780118 
2.0 2.983586253820789 0.39333089536490273 
37.351518847452894 3.7618615464465144 0.34015337324650946 
16.24140262732005 3.482891097007243 0.5 
2.0 2.0 0.0 
2.0 10.19180750943871 0.0 
2.0 6.149570540863731 0.0 
2.0 5.550902037340819 0.060213750329083826 
2.0 2.770979643525017 0.2589718811846424 
2.171599064518074 9.061733292190928 0.0 
2.8026887491492687 2.0 0.0 
11.618332474144891 2.923927841318931 0.14468618292829988 
2.0 2.0 0.03131029698418786 
2.0336922207325308 3.2339365800582938 0.920027936154491 
2.0 2.9895077858682493 0.02393318092981963 
2.0 3.186364408960032 0.6086300681484164 
2.767566000378096 3.0605457479161813 0.6895502667315754 
4.654656340026139 2.0 0.0 
3.5606796093753905 2.2482177607893914 0.05 
4.889391655645836 3.1997375852923553 0.5 
3.873344218712355 2.0 0.0 
2.9922059817260447 3.3842954489566752 1.0 
2.331109674229321 2.900532873158032 0.6635266030486809 
2.0 3.360006537524919 1.0 
2.687519405230231 3.325585113847658 0.8704226592792106 
25.757015533124665 2.0 0.0 
2.0 4.428107787726507 0.5239268248098422 
5.781965523251769 2.8228181700337442 0.0 
2.0 2.9108243104608804 0.26561129184773646 
11.549164069453571 2.658734487655332 0.8726323761800843 
2.372934460904951 4.902009791413987 0.2527137748384633 
9.988934146064608 3.19438772086227 0.5936893871755026 
2.0 3.110654274943429 0.5458011244121205 
2.0 4.099541177017885 0.2855389468946816 
6.169922440330133 2.813981537879365 0.9635450266804277 
7.5958674188251365 3.3299270274019666 0.5 
10.883552074409405 2.8171717758615302 0.0 
3.095247943814463 2.332496342473604 0.08841717071837087 
2.0 3.7969002982863502 0.7876755717139539 
10.878670050569397 2.251099129792232 0.0 
2.0 4.187894993369915 0.3972505856648193 
3.1041421383107943 4.41374177096202 0.2826182824769675 
4.295307478269855 2.6445245457476116 0.16502972258488774 
7.899519594917621 2.9843889610018923 0.05 
2.0 3.7357365510107736 0.6410927477071162 
8.26080692357885 3.3984983511183935 1.0 
9.047801387572768 3.050965855621313 0.0 
2.0 3.906007447586048 0.5717340078261367 
2.0 4.464834571199969 0.7386704176964769 
2.0 2.5199233051840464 0.16959329338878099 
5.4943461160238485 2.7935048195098315 0.5674265194510691 
