2.0 2.0 0.0 
2.0 2.7372190359420614 0.3146235758771542 
2.0 2.32967960737907 0.027093494992088574 
3.400444621558922 3.3794596634916694 0.07009777632863057 
5.187745141555423 2.2866708534168136 0.0 
2.0 2.513482709171236 1.0 
7.203869644561339 2.0 0.0 
42.66414775457283 3.444877181308739 1.0 
2.0 2.9656596199534877 0.15610705733759547 
2.399011843025453 2.9236903106292225 0.5288251630571461 
2.0 2.80117626907869 0.014582193305511304 
2.4425236174324554 2.7932298372200357 0.7190786733285519 
2.0 2.7577744882298094 0.5741240522405563 
2.317808447941718 2.4292117717167785 0.1116301117953601 
2.4624845321197477 2.946358068920117 0.4570605708038633 
7.855743541198867 2.0548245660835462 0.0 
4.543864079953672 2.528647747377055 0.0 
2.4254936960092537 3.3492009399365656 0.5 
9.280184498067001 2.0 0.0 
2.0 3.3846666077883283 0.40694531959531655 
2.0 5.944550558115743 0.5071637501080242 
5.732780531429885 2.280287916866609 0.0 
2.0 2.5528357463296008 0.8687006090521976 
2.0 2.0 0.16598312692847705 
2.0 4.167806549444936 0.4019873431770426 
2.0 2.859861824514877 0.0 
2.0 2.893407940969653 0.7998747617981136 
2.0 3.4140493173224087 0.35752000752417595 
2.0004240222707725 4.810150448596779 0.0 
2.0 4.111511607730194 0.33233258243542485 
2.0 5.95 0.17540948964170755 
2.4165430161833474 3.2336529777227287 0.6599426164649367 
2.037960000315781 3.212540732351154 0.4433844538268085 
7.577071604980098 2.6108819854804173 0.0 
2.028261113584636 3.220342201631079 0.6144562052701111 
2.067527899119768 3.0649374720434484 0.9597380155388271 
2.0 2.758321396334102 0.6987708187681816 
2.0 2.8021434408238117 0.7696134731533242 
38.523173635305426 4.234610191922739 0.5 
2.312575938538355 3.0040413810520743 0.21827977125241782 
2.1068841945843895 3.2474969297964056 0.9219974309531642 
2.0 2.6799275339640425 0.8619904482001491 
2.0 4.223456881866513 0.0 
2.863885102510809 3.3324362468173025 0.15381337764759856 
2.182097495454881 2.6596205900621572 0.24575036342003648 
17.2965928302311 2.8480189089169605 0.0 
2.0989477740233577 4.006189595147585 0.2529548142817907 
23.301957669544514 3.1867564662851366 0.0 
21.882692981353628 2.9947033078532734 0.0 
2.0 4.328431869778039 0.11813771162670139 
15.767544072936914 3.3725953313886854 0.0 
11.832395446995136 2.9245930571089604 0.0 
