39.04407483761497 4.067317878708761 0.9957525804289072 
46.916906729384884 2.5370446985703374 1.0 
2.0 2.0 0.0 
2.0 2.0 0.04467606902014168 
2.0 3.0078726768783355 0.37490336417131287 
2.0 4.543718832998159 0.0 
2.0415934304759245 3.4533581427437277 0.6435122216314811 
2.0 3.431829291543248 0.46423239858989773 
5.665772324080484 2.0 0.0 
7.52837176684134 2.0 0.0 
2.0 3.9822264276682 0.34196699830993316 
8.808067724683482 2.0 0.0 
2.0 3.403270004552936 0.4915797909571584 
2.0669656689712244 2.7609361308699114 0.9842555584183603 
2.0 2.0 0.1701296951273916 
2.0 3.4834589916342984 0.608850250914484 
2.0 2.621202098431685 0.2288880539115234 
2.10437292339291 5.914493721796514 0.5 
2.0 2.739690965754324 0.06058909098427101 
2.0 2.8552223587450456 0.33295044165323784 
12.344713852784453 3.486066687970154 0.0 
2.0 6.382898986630289 0.17845011643718478 
2.170652541447356 4.241492485955416 0.0 
2.0 2.9255699901583263 0.0 
2.0 2.7391464086811177 0.7855388064769666 
2.0 3.096777790898104 0.6931443830132713 
2.0 2.212241947363042 0.11323927901254915 
4.971543989083136 2.0 0.0 
2.0 2.8749167164846225 0.9732010717457945 
2.204635936085855 2.9066573523867882 0.9182021370164399 
6.633075062843587 2.0 0.0 
3.3116882993503998 3.134886460822824 0.05132339152279708 
2.0 2.9264219930344133 0.8099572475693375 
2.0 3.432034052804978 0.5401592864777154 
2.0343752557328787 3.354737265321586 0.5644375146008904 
2.0 3.272266000402961 0.4487887960461672 
3.3251189895468496 3.4906874248414663 0.12014151080760482 
2.0 3.2096960700933237 0.8725148829222984 
22.133825019801424 3.0945537383863027 0.0 
2.0 3.3652289444573595 0.38532874706812426 
4.894350350616519 2.842539346452841 0.0 
2.0019236149440007 4.08086876207175 0.29427144313990067 
15.344798517414072 2.518501097676344 0.0 
2.0 2.7211589145681803 0.22370029605093544 
2.3266533448349387 3.3789188032689776 0.1522107027650504 
7.625394337639721 3.2820224638639752 0.0 
2.0 4.321998528877272 0.1302113546654079 
2.1934986557137117 3.3094189514703043 0.840272452866923 
17.409328912542748 2.509807007207891 0.0 
2.2937982675749202 4.107584633626075 0.369852216755557 
2.172027826659194 3.2492295824761177 0.7353935891134058 
23.31481361223199 3.422484885720538 0.0 
