25.514426380637317 2.0 0.6412738807896794 
2.0 2.0 1.0 
2.0 2.0 0.0 
6.892637119389244 2.0 0.5 
4.142251796544789 2.0 0.0 
16.55546561941641 2.0 0.6771201554225484 
2.5305372730937705 2.0 0.7448968810918924 
2.0 2.0 0.9564425848628224 
3.0995278789040626 2.0018982616781646 0.5 
2.0 2.061609182841688 0.1625183914807126 
31.76260785941703 2.0 0.735850166820944 
11.633253601465022 2.1987470081242004 1.0 
2.0 2.0 0.010551510801612651 
4.753101991371552 2.0 0.82175627566264 
2.0 7.269414769271892 0.1440365418968862 
6.821894078262303 2.0 1.0 
2.0 2.193025910969092 0.5180984460975333 
7.990616726762521 2.0186010715158047 0.5 
9.242370272988474 2.0 1.0 
3.0159595911939405 2.0153110627127453 0.9515469612683621 
9.532866154276405 2.0 0.0 
2.0 2.2791399481086634 0.23640204550957478 
2.9078408147606156 2.658239414867687 0.06130168224230078 
9.79960610277068 2.012842180974115 0.5 
2.0 2.558302634507098 0.03283855346977023 
37.085466390133234 2.0 0.0 
7.104417126655906 2.018949756918499 0.8203830967364578 
2.0 2.0 0.181464779631745 
5.63542372860351 2.0 0.0 
20.133638469181854 2.0 1.0 
2.0 2.6103517266315004 0.3072828314587954 
2.7830284820089517 2.0 0.42396472748405106 
19.40149121552386 2.380115042098537 0.5290021130315065 
3.9378346068473356 2.4103314968686775 0.9783254311621071 
12.549552529387274 2.237324696335761 0.5 
5.564819259416314 2.0008695488657198 0.42117935289525177 
4.307705353411913 2.383417266551148 0.22536507956208107 
4.202911264300769 2.136753126749791 0.5611038406121888 
8.045682942750593 2.0 0.670159494069479 
5.496572556976166 2.0 0.29312570827457474 
8.275887820822607 2.1050907414010043 0.7930872842205213 
18.026257054819443 2.0003926904767506 0.0 
7.310794537562422 2.0 0.20942506705618347 
2.9394909259389403 2.01522814518061 0.7931257082745747 
7.487275869469056 2.0 0.2966561542900426 
6.619708776147443 2.0830762188160508 0.8733642893754667 
6.534739802904477 2.0 0.0 
8.167569963287177 2.1026789601726423 0.8273756572011933 
9.356420489616342 2.237848325161021 0.4273672657671066 
2.0 2.0 0.5517712377880037 
7.1505919798452435 2.0 0.544529472024151 
3.1669722309923367 2.004941101374778 0.5411143859591547 
11.321714933376233 2.0 0.0 
6.296644211944326 3.0740624753990593 0.0 
2.0 2.0 0.4439814044752921 
13.96660161438223 2.0589918652930144 0.9953578317383047 
6.324838412094888 2.105209921188419 0.8986533371112067 
4.979384939684249 2.3934824602673754 0.475211638996696 
13.408236180595745 2.0571087045242846 0.9156348189657258 
5.26522303806601 2.000624590383146 0.34713043324075976 
8.420490113156163 3.4504714903401164 0.0 
9.433966007863436 2.228798639105462 0.7255124107635195 
4.700275664668105 2.0 0.9894452784584791 
14.583854057156941 2.0 0.8449827917824911 
3.6882941106073783 3.3862381468622713 0.21327492018124683 
4.438591336244165 2.0 0.33185915776136143 
2.6496548895992795 4.563485193197831 0.04593168334975252 
4.5376857071592145 2.1656928071160966 0.7427876092420029 
10.433443959203487 2.764606996090801 0.0 
11.06442063423846 2.00795984186189 0.39294309120764614 
12.795407173956534 2.0 0.0 
2.7801640040288795 2.0818791612991507 0.3697644993198091 
3.0674320601804657 2.0 0.868005069376095 
2.8090750068676558 2.490762576909641 0.5803202076384947 
4.260341969358597 3.251900520287543 0.2586203036313141 
4.033225753002849 2.2765809945886777 0.2922953656109558 
2.000899498080419 2.0 0.8762516477114382 
3.3668204009979004 2.020846979794245 0.0 
4.5406363911016525 2.9492701416073546 0.1235671746079594 
18.780829758071576 2.000000741527556 0.9908260386659966 
3.478341489016141 2.087995257607354 0.6231459435539441 
5.258458108322253 2.0 0.0 
2.0 2.0 0.3223673197337527 
2.0 3.4250942047506143 0.18403480110245724 
11.143034761389012 3.406717020241378 0.0 
3.486802563061666 2.126744859095417 0.32865481609696684 
3.100644768228028 2.475687562394305 0.20017010482797953 
5.6843072805411445 2.089162354002929 0.620131705297163 
6.353361566978256 2.0363592771881285 0.9673826609356575 
2.444980528924302 2.115941684616479 0.7288447247173849 
9.105194081423544 3.280080308449443 0.0 
2.8200103695301753 3.317712018287219 0.12837837479384076 
10.00847732807584 2.0 0.9599778486022335 
2.7737524716849316 2.002355284980667 0.13080319805491053 
2.705415450816653 2.1413725121813854 0.2894228724769996 
9.669018219085066 2.0 0.48504245884210173 
2.0 3.7349519245915697 0.2411041999972764 
13.451549016088746 2.8365654221105014 0.0 
3.732887161317501 2.0426716213773375 0.35625665706063925 
20.205471531382173 2.8631623101014307 0.0 
