2.0 7.449866871018283 0.0356160907234091 
2.0 2.0 0.0 
31.89696112569551 2.0 0.29155916251976066 
2.0 2.0 0.043959922814392746 
38.885651545353696 2.0 0.0 
2.0 2.5431324623671285 0.046498289723660866 
2.0 2.639436076580229 0.3019622996370136 
2.0 2.0 0.5040695641989723 
2.9132809655327785 3.7682416408772186 0.17015995361489605 
7.0556503033799896 2.0 1.0 
7.135970148228576 2.0570071953419817 0.5 
4.2899601725130925 2.0 0.0 
6.456449055913096 2.0 0.0 
2.0 3.080161855475415 0.0909561085119374 
3.4637858134945407 2.0 0.0 
9.681211892928957 2.208447123423422 0.5 
8.890544185992475 2.007819271383488 0.4287969473303047 
2.0 2.0 1.0 
2.0 2.0 0.2350126903274282 
8.344166736817355 2.0244689619558587 0.7897370190752132 
8.07151462610966 2.000926782074516 0.8498221931726475 
18.18554824887586 2.0 0.0 
2.0 2.0 0.8776711976347967 
11.305731985210343 2.174056777270723 0.29569127460501643 
10.185436294981953 2.0 0.0 
2.0 2.0 0.18780852437506776 
13.365889706394977 2.0 0.5060626046251022 
14.451185404997755 2.0 1.0 
5.751892353560718 2.345087219924447 0.41437892764061274 
3.6372540018359194 2.363049035988698 0.9721766789746933 
7.8666517862211425 2.032426529047769 0.3855462481528242 
2.0 3.8628886780627427 0.2187610116939211 
7.647519967227025 2.1822515976387713 0.703146305333077 
2.0 2.8163079009442606 0.16200915747949057 
5.4777703601048495 2.325480916968844 0.0 
8.066146096393805 2.001286944160722 0.5 
5.803445932659441 2.0 0.9828381529939318 
2.0 2.0 0.1668758967965705 
11.197397509476389 2.1968905020111356 0.0 
2.0 2.0026818564963533 0.95 
3.1436082323967147 2.000007145669815 0.8658816448410622 
7.130737518528058 2.1877266519898346 0.5963599406669466 
2.586545567722017 2.058071201137321 0.5 
6.546985181350642 2.146826116275121 0.8449510981960583 
10.080839721151929 2.0 0.4137309314425255 
10.615747595121096 2.609351181904047 0.0 
3.13022772745609 2.0511123355286034 0.6159283527636358 
2.0 2.475641635315248 0.44295038577774254 
2.0 2.0 0.30444823969560364 
14.763618566531472 2.0 0.8738284077104976 
4.785429449413349 2.090448630384846 0.8704115671487263 
12.647891904307215 2.309248445541114 0.0 
5.317879076411146 2.0 0.9425012528163782 
18.93778211271182 2.0 1.0 
2.948580578027522 2.0737997034496938 0.8129368941943819 
3.3523973634846236 2.1983233046751636 0.5553533480718857 
6.025816756683441 3.1924322020602407 0.0 
4.2074761527275415 2.0 0.5905919860062879 
3.2972626998293735 2.465265411192183 0.13125419866186522 
5.88652782700737 2.2625549476909645 0.6291862155578434 
4.52895148696127 2.4436027853926197 0.4519289136574158 
5.1344785384873015 2.2375679143443423 0.3261001203934367 
26.30504658725679 2.0600887951911284 0.8675314985794662 
7.487551603963647 2.011962428808452 0.95 
18.523761698523938 2.0 0.49365426710320104 
4.500844401281463 2.149345068003069 0.7097992532315295 
3.3378008106645436 2.0 0.5908793857230701 
3.081393410917463 2.3408338405422033 0.3320932736406417 
6.344883770715686 2.170551949787015 0.8943029508025949 
3.7543225503303876 2.0681785092726197 0.32006838941215565 
3.4463530305321046 2.0273440243691665 0.4166046875700009 
2.0 2.0 0.5391814781374912 
3.224601293771853 2.399039415699597 0.36048156794962893 
9.269244187601666 2.0 1.0 
6.5695192691713595 2.009821765303644 0.0 
3.334118550664444 2.118371475546381 0.22401301799781498 
3.6694496069224067 2.029965539200888 0.2476513478113893 
5.02136174809577 2.1005687058476097 0.2728925714729168 
3.595904436747297 2.8217181913411125 0.29701452770450787 
2.6498957212608887 2.6008632774352662 0.1679098178072351 
4.446277676453733 2.026467602519905 0.3955372284640143 
17.114220055945427 2.0918085100554693 0.8235346041762 
3.512680076869669 2.083738051062375 0.26642189526124493 
2.390522577131472 2.0 0.7081297685345093 
9.89655417656315 2.052293963332173 0.9421930868425687 
3.221371835346865 2.162663429039873 0.718420330397241 
2.946981279800821 2.614505887140081 0.3024235484026163 
3.102287707076141 2.0 0.9656127641534005 
10.415057659731863 2.6988935435952195 0.0 
3.2767167004753404 5.464272376142456 0.05420698627308005 
18.596428018966712 2.571801391949788 0.0 
12.305809070538738 2.0 1.0 
20.352600424506523 2.1903014953619255 1.0 
8.956216351677309 2.054867363064121 0.6988078695734369 
9.319511206621616 3.0231792235849655 0.0 
3.13250262486274 2.78081006009337 0.05732961689106486 
7.819522868493082 2.604725310156623 0.0 
7.077869729656753 2.0 0.23041572387268025 
13.004336538229488 2.3456920107729733 0.9369613365103907 
12.6433029713742 3.304766625729857 0.0 
