5.143370740104359 2.0 0.9556521810319973 
2.0 2.0 1.0 
2.0 2.0 0.0 
7.84348150089929 2.0 0.5 
17.40238439168247 2.0 0.726938976267857 
14.414446559981592 2.0 1.0 
2.0 10.10045908619226 0.34740684136042954 
2.7487410646328136 2.0 0.9465801000582379 
18.955118039619414 2.0 0.5563132940179796 
3.7110775109208607 2.127677671353875 0.6037752578440105 
11.059821566072872 2.2243066192346634 0.0 
3.1342957948796055 2.0 0.3499382747697509 
2.0 2.0 0.1828174503624066 
33.48281823400906 2.0 0.5938808774366209 
5.802310847381754 2.1780675030675045 0.0 
7.46859128370706 2.0 0.5 
2.0 2.0 0.0052646177660115034 
13.201012136970295 2.2915533457395436 0.5471189355636152 
2.0 2.0 0.5384368985030294 
7.09280023476529 2.0 1.0 
5.741157101430137 2.434892031404981 0.39288597198924247 
3.132558202619986 4.576992085268021 0.16707761106994623 
9.833306660886294 2.400529301936794 0.0 
7.189864797611927 2.395 0.6007998004202683 
2.0 2.3709683805990895 0.15181452403184503 
14.747563483877709 2.0 0.8781967579673786 
18.206394688889105 2.0 0.0 
8.705910107826883 2.0 0.7177431584854082 
37.622764238489296 2.0 0.0 
5.243301753593877 2.3936279391710293 0.0 
9.840566824873562 2.0 0.40788872919965835 
25.065665864249972 2.0 0.7603848527132528 
4.026854771858151 2.0 0.0 
2.5603666811245556 2.025853164682797 0.5592623443039532 
2.0 2.0 0.715739986224051 
6.5051841203853105 2.048651171592072 0.2587253691254631 
2.033317728367831 2.0 0.1195355102190461 
12.982973986643282 2.0 0.9816382813059588 
2.7948280556447287 2.0132264547419525 0.0 
19.31770817826193 2.7579942442896828 0.0 
3.2058228342854926 2.0111322436405388 0.19923193317258295 
13.040714441691128 2.3678340885886335 0.0 
9.626157986293649 2.1945156435335305 0.6007795807288211 
2.4690127791950314 2.0065511913492298 0.5179530320023351 
3.4691121313964848 2.0 0.7155784555019389 
5.2613947602418945 2.1170000993780205 0.44246892759971557 
8.136015225346457 2.1350694010928923 0.3692331100800602 
4.466556236899485 2.4330057788911414 0.3469151042614258 
2.0 2.0 0.950309577892789 
8.78233715072085 2.0000478023162436 0.9982324318826369 
2.0 2.0 0.44974861875735217 
8.761209827790127 2.134925611198209 0.37686376901288776 
19.31836678885609 2.000011457511297 1.0 
2.0543156903533903 2.0 0.86233694339824 
4.85579647859848 2.0 0.20405866866132719 
2.0 2.6983058354737546 0.3353606349175965 
2.0 2.0 0.25147058866894345 
5.000230283126243 2.0 0.3330953157615412 
2.631713224558914 2.043618189522856 0.5921520941263076 
10.821687991283028 2.640471963631133 0.0 
2.6479784495905743 2.0 0.30333542244048356 
3.427278564133048 2.1395820414252054 0.6093604392014511 
5.918567601632262 2.0 0.6056426922547972 
4.892810062138503 2.099701392962795 0.7169347546359585 
3.580687916536454 2.0197241480371493 0.22786541494915802 
3.3996395883651336 2.010808574726382 0.5 
3.8289615561748 2.0 1.0 
2.531306717933843 2.08792341387253 0.8155842946254612 
8.441160596387938 2.0 0.8458762248557112 
9.633491822186595 2.0334719402246195 0.8865919719192793 
4.065452623887178 2.096913859990576 0.38443006488573556 
20.094425174821698 2.0 1.0 
4.700667287230429 2.0415491255745537 0.30980745940458143 
12.134727321432075 2.0 0.9080564424916464 
6.432851419717503 2.0 1.0 
5.013112791450419 2.038820724199936 0.8502645230279503 
8.01718155943607 2.253702071287948 0.682350240307057 
6.186430818449271 2.001537993767874 0.931534065439663 
2.0 6.280583301106416 0.40174536997570803 
6.679751706179938 2.041453368004383 0.9525082242344957 
2.467801459712054 3.054403348103348 0.04295350443956443 
8.059531491294138 2.029759702954225 0.7984644396990711 
6.998211156018173 2.2855732741659294 0.0 
3.34752784731071 2.191154532969572 0.4471203055613734 
8.562070339270509 2.8610515457795667 0.0 
3.732527945316144 2.721358162799625 0.2584001982306129 
3.4579051640999268 3.3263674929741613 0.1464499052664548 
6.6855257090719205 2.2532461679915015 0.7978898968317838 
3.7883796660246514 2.0659778476210313 0.2870660779118623 
3.4134724914997605 2.9600858525547924 0.08942378292487313 
4.392032457383063 3.039562193691716 0.19303875639896817 
2.0 2.731575182147341 0.09360487158190461 
5.856524856056701 2.6667212485757195 0.0 
10.121727364524602 2.9265209704574686 0.0 
8.443201555930415 2.7619459415301875 0.0 
2.7202106745765775 2.0 0.11920799167705332 
13.254115274095001 2.5902357736326347 0.0 
2.0724103358134567 3.410238756965329 0.15622067835331024 
3.103833003027436 2.6326668186661797 0.30764575560223495 
