25.140828064515553 6.35241440174525 0.2606084882527888 
2.0 2.0 0.0 
2.0 2.0 7.805770535300183E-4 
2.32977277194385 2.894956348420612 8.75956365005981E-4 
2.0 12.87502032047393 0.0 
36.15580897502119 3.6611880803457186 0.37916087889122196 
15.440332854682987 2.0 0.5323552092838382 
2.533460877154325 2.0 0.0 
5.776202705955143 2.0 0.0 
23.741509729499647 2.055960795797709 0.9906497196551488 
4.606523587972692 2.0 0.0 
9.274405534156593 2.3898535385856476 1.0 
4.290996159332273 2.0379851696299207 0.05 
60.8254243352615 2.79442424207689 1.0 
4.210208722902603 12.391081848002546 0.0 
6.878038551309476 2.0 0.0 
3.2766575536966434 12.252581192818573 0.0 
17.832915753412323 2.262288882234147 0.5 
7.388047469970543 3.469806361409479 0.0 
13.913710186947664 2.0 0.6067243242598013 
11.16378358228134 2.0 0.8820985617627224 
10.172810366921428 2.0 0.6414111105444403 
4.8926373384406805 2.0747064376486573 0.25821408436961263 
11.788893671127635 2.031131487822336 0.5569128625158807 
10.661290561217102 2.0 0.0 
2.0 2.0 0.7369124305406581 
2.0 2.0 0.8761687298250305 
8.703550650354561 2.00563339526348 0.5237712819970548 
3.3850808690524152 3.395668299934961 0.4474710896319557 
3.042381823366844 2.066996273391623 0.8383880534272962 
2.9197464863776332 2.0 0.4871443802175761 
2.0 2.3266808977555575 0.7114956523836118 
12.653423106394884 2.0487607807809143 0.8454132122501781 
5.563161451181356 2.0003783748180166 0.7230773692072219 
7.1863487798709365 2.002113893616245 0.20818631179265712 
10.665336070871188 2.0 0.3825610609063267 
18.05826293155457 2.149583789481984 0.7837888986892528 
2.5027714396483987 2.3775641326739274 0.14916856075586105 
6.096019114297835 2.0 0.7928468095843453 
2.0 2.0 0.9199449988367325 
3.3252633906235203 2.0373542307770824 0.3315501155545736 
8.454760902224164 2.0564816871977607 0.37423276271132777 
2.9736382286517333 3.364464668453465 0.6584941743298198 
2.0 2.8633175294045854 0.10988536129168824 
17.346038493000986 2.0 0.624993120423698 
6.36125152061057 2.1360687293782363 0.15756869956419378 
5.621420052940429 2.0 0.8283420653369209 
2.0 2.0 0.7739916666974408 
2.6519698658480766 3.1409845874060576 0.23208256500660773 
16.73171902918867 2.552330808794438 0.0 
2.0 2.0 0.8404722562702513 
3.412351497308463 3.378968058122496 0.7071583810962108 
3.2037864526179867 2.0 0.26124492934453913 
4.878653927131933 2.5203433618565834 0.8505125266024411 
14.071191936406276 2.0281027913006704 1.0 
2.0 2.803445284291671 0.8813609617418737 
2.5961162649214393 2.663586091425821 0.5786548231468467 
2.643552099922246 2.0 0.7170918556035752 
3.328602787504906 2.3170784762659453 0.6847586939471807 
3.8399972491359304 2.0357450344589827 0.8421258957171397 
4.415642144042821 2.3510085164344603 0.26912481365839735 
4.40996016912368 2.0 0.7617262753606084 
3.40126426973902 2.456735085854726 0.10088148908812472 
30.012604831719983 2.9911498793325877 0.0 
