40.9528951764415 4.49186134037724 0.7992424009607245 
2.0 2.7213551070643405 0.5504893276475658 
47.215750889493556 2.895365007403065 0.5 
2.0 2.0 0.04260183342310829 
2.0 2.0 0.0 
2.341687286294116 3.2554333462750327 0.1812886435342703 
2.0 5.613411366983486 0.12745804677640837 
3.6412970020605346 2.0 0.0 
2.9087393723519046 4.066871571360702 0.5596033923380045 
2.0335049933684464 9.704616024364794 0.0 
2.8245390097341905 3.950396014827234 0.2292317688374472 
2.0 9.461984178569914 0.0 
2.0082770033457864 3.416134666391569 0.017163295657650676 
2.5997072905349623 2.04925812979647 0.0 
2.1457402582191833 6.457219767440185 0.0 
2.0 2.905507822111983 1.0 
4.270219094994293 3.3306960177792257 0.21218815125535767 
2.1799956890519425 4.14593474880633 0.7360401360432913 
2.457767251982308 3.7531212245223813 0.6419375785975192 
2.0 4.254232670633907 0.5357575227671303 
4.029265024247878 2.0 0.020691814242170033 
2.671681121008016 3.2427489185137808 0.8501515518175015 
2.14117181043444 4.206449139425898 0.5846853283033827 
2.0 2.8060849372929075 0.25815076615429616 
2.0 3.3562147806426434 0.6425093287615953 
2.294917122961714 3.674621556039546 0.37427901712898826 
12.165920726679051 2.56951481189342 0.08197637971763505 
11.461897091738418 3.055542731184234 0.0 
2.0 2.8567087464008916 0.2818348975047569 
5.616768191523043 2.50210592299248 0.6906926273530269 
6.116345291507516 2.954483209808992 0.0 
24.75629427569811 2.0 0.0 
5.057621094123977 2.0 0.0 
2.0 2.6484800432992395 0.9151901018988691 
8.124140871483583 3.1388719653251713 0.15463828083408646 
10.129407392520836 2.9127928198405075 0.6295860509208483 
4.571465705455552 3.093798135423887 0.7033762322022378 
3.232752969114625 3.3076034313125895 1.0 
2.0 2.73591918566225 0.605049087866667 
2.53941017625474 3.0733800646376084 0.9021606927724013 
2.141407261452596 3.8360263305266438 0.8117131902362765 
16.48052681705944 3.1895707909634985 0.576710769626345 
11.096918064986196 2.0 0.0 
7.983250732539284 3.2059103692755557 0.958233568312133 
5.847353666677085 2.759862267757455 0.95 
2.0 3.9135796862867043 0.2800743983569225 
8.032552406165259 3.3690942124883807 0.46971639975685675 
12.313252831757271 3.26344128221242 0.8384614642817182 
5.01788908092207 3.340701062842591 0.5 
5.389233184832374 3.4430661370661313 0.6356134518111141 
2.3426001504245573 5.17667034620375 0.27958225945937565 
8.887798682670386 2.98605264105928 0.0 
24.118418135827817 2.9812228014741007 0.20488264659217714 
2.3919913359354537 3.4634846367835115 0.38372415238990454 
2.3439548253493654 4.284133736142664 0.8029077430099074 
2.9637500265835217 2.021014846893355 0.10185454814336214 
3.0384360631440224 3.4445508015920603 0.6974233701933596 
