2.0 2.0 0.0 
54.89032223786187 2.5288168177384867 0.4905389724283813 
2.0 2.0 0.744665959363612 
2.845607409595061 2.0 0.48866296085976957 
2.0 3.06181940244344 0.03545350818453999 
2.0 2.0 0.8159003320097046 
5.5697430474503555 2.308620747259884 0.189556336384201 
2.0 2.0 0.009415633247622044 
2.1368587351589463 2.190645129866571 0.7585596075155158 
2.1384217491863002 2.1928224188198997 0.8469724976958427 
3.1560188201364117 2.6991347017108804 0.564150952687689 
3.3401116529720842 2.0 0.0 
37.20831477470264 3.6012566862990627 0.07344804130669014 
18.00571516929196 2.3747513220441316 0.6393024233121029 
2.8218699699094274 2.2911483620255 0.3171033193316279 
3.319233597206255 2.0 0.7188334332109458 
6.022868442445729 2.0 0.7462871764429195 
11.51893353659014 2.0 0.5328242738441674 
11.406798281740556 2.299593514337802 0.3663104859202726 
5.924794512775379 2.0 0.8240690856991983 
25.82536782910584 5.99784149921992 0.3122638111283864 
4.818578247654317 2.0 0.0 
7.481122816660415 2.0 0.0 
3.077654192215847 2.0 0.19301370900836096 
14.146127875174505 2.0 0.5981780886279668 
3.708088902221759 2.083601074604623 0.08058324532903738 
2.0 2.5099344853550862 0.8952032861198153 
3.282556716714428 2.0 0.14160739576729345 
5.571899850028252 2.0 0.0 
9.039757029326939 2.108712105004733 0.5071268342037821 
11.162370330576538 2.0 0.0 
2.753329621479988 2.0174410435374965 0.811006224624905 
10.643073149038337 3.484827307491337 0.0 
16.64966135526496 2.0 0.6436221498859043 
5.217268740446654 2.9467704884811194 0.9275914821830287 
4.346664895789163 2.117650199797317 0.7627854367627529 
24.37490179965772 2.0 1.0 
8.203857025523469 2.0 0.347675027719035 
15.238681778100148 2.261707130033537 0.4566533015908004 
17.784922619435513 2.107646416734853 0.7139753970099307 
2.0 2.205065767851122 0.7254429529266261 
2.0 2.0 0.9198882676181275 
9.968790981870612 2.1307669138523626 0.6948034603662707 
4.785497813284784 2.3849070532975847 0.20204296994420015 
11.03945962313929 2.0 1.0 
11.086552652075671 2.0207734248502676 0.9423811418790573 
3.792805261749863 2.881776125346688 0.3944920266801279 
13.665623098611343 2.0 1.0 
7.40122737130196 2.448182894873207 0.22132739116860914 
5.879995092136863 2.185394763702368 0.9271708646070906 
23.12428104755762 2.8021677091629917 0.0 
2.0 3.4209350570332253 0.08112310516077692 
6.926958741835024 2.7888873841379302 0.0 
3.349177888744327 2.5962918740378202 0.6248860447888671 
4.090145639467124 2.4472179419269193 0.2843293977252755 
5.52369496877712 2.0 0.6755191621099215 
2.7869940960857496 2.434654635503508 0.6780635234750763 
3.414393152416708 2.5341313168436743 0.6979919873784111 
2.6700146467747388 2.72127136280858 0.8101603694479929 
16.401419283087723 3.27969333765429 0.0 
12.563296888371887 2.080093228238698 0.97448465402916 
3.6056073240960917 2.0001727423295628 0.8802683518947043 
