44.43430612842811 3.367356747499045 0.34045757354543255 
40.62568761053956 4.3375862835954395 0.12268517521212621 
26.01545666418741 2.0 0.0 
2.0 3.039538523111908 0.6096117826425271 
8.27475267290737 3.4530492887555555 0.4509627388828532 
23.2974451756036 2.948164723449767 0.4901875021298052 
2.0 3.5728039695806464 0.5927713960221029 
16.046783228306886 2.6977254034940286 0.22791080842072875 
2.0 4.45908495966634 0.8315148299309341 
2.0 3.937896200639199 0.5068825631982937 
2.0 2.0 0.0 
2.0 2.0 0.004474019668949225 
2.0 3.7853067385745853 0.7758052623950087 
3.4291639316620035 2.1681446379208893 0.0 
9.89660378990881 3.210962643840928 0.5694300123426589 
2.0 7.138189856491904 0.0 
3.6636459170524316 2.0 0.0 
2.0 2.6280019172802698 1.0 
2.0 3.9742865392872644 0.7122165366197127 
10.78154834283916 2.434362854604372 0.0 
2.0 2.6616546653138875 0.024110046064217655 
2.0 3.8922050884831796 0.6649831189223534 
11.555057186479992 2.6515286806254954 0.3009156068398689 
2.0 6.465002255640389 0.03628071898672497 
7.590508797510274 3.2456341037586074 0.10375348335319828 
4.983628708980978 2.560418245905016 0.711411054065987 
3.5534924049473466 2.250126855331511 0.060545435921558616 
2.0 9.292097242557025 0.0 
2.0 3.8577971703133107 0.6190646818315332 
2.0 2.692517728485689 0.39112489012396295 
4.77760146610112 3.2653775900808006 0.5 
2.0 3.339423551140115 0.2787434765337628 
2.0 2.514443545187535 0.9268167941296448 
2.8273784865288807 4.082449308040734 0.5907223397590377 
2.0 3.2990178310280003 0.6547955645491972 
5.130949104415886 2.0 0.0 
5.789131943610835 2.7832390320050076 0.0 
2.0 2.9424692737919895 0.23249953029564674 
2.0 10.49480471201398 0.0 
2.0 4.811807151270446 0.26657479001700535 
2.0237634740995922 3.462876207326659 0.16660192286932646 
18.34303616302473 3.977787265491748 0.23575199387152393 
2.9159512217173695 2.8511111588184117 1.0 
7.796940065950352 2.7875728418793675 0.9295263418299473 
9.334358328173412 2.5433658895617026 0.0 
2.0 5.797591458519847 0.0 
2.0 2.8421457760414084 0.5340648986534804 
2.9544587483558598 2.5842820772064603 0.8414095346252828 
6.161042315629353 2.8448391267813995 0.9469374443044943 
4.584847440907802 3.4618063221683717 0.5716472507848183 
3.8718795124418373 2.54855071885156 0.19703545470078648 
2.8819052561754637 2.2268961717090825 0.07556341206752548 
2.0210640928489045 4.478729899913571 0.3551071740495746 
2.0 4.249722392219985 0.253592839376481 
5.587573973112903 2.6120391413253015 0.675949795990126 
2.5333934528963713 2.7661130422432114 0.8981459604192403 
