2.0 4.276111231916367 0.2794482485041374 
11.795963424499526 2.9980945043060014 0.7700935653791543 
24.014430348549844 3.204715503575727 0.5 
4.876438403987546 2.7915358082041344 0.5394072641232084 
2.0 2.0 0.0 
9.678073338099649 2.8983259100050613 0.6537304510306173 
46.8234123028636 2.6139909199802758 0.8564242981009413 
2.0 2.804872005497188 0.2472299711153821 
11.439733909463158 2.0 0.0 
2.0 8.587767303078019 0.0 
2.0 4.09174481674866 0.816431195282095 
2.0 4.730296761544146 0.2660413353719025 
3.8181631017087954 2.043224314155158 0.04721863029911876 
2.0174064664520333 5.911122855182226 0.08514638021205337 
2.3887659249256656 3.3660859693034304 0.4114805981113604 
12.323260129374226 2.86299103071046 0.18277856573600326 
2.182422331156535 2.4403121469087914 0.008800953112321935 
2.876021251794179 2.0 0.0 
4.247969878086481 2.0 0.0 
5.025861373729399 2.1957714824993424 0.0 
2.0 3.909162769639053 0.5288687095922711 
2.0 10.24727215138272 0.0 
35.68055393477408 3.6983112459741037 0.8418088687446643 
16.324965995120962 3.0341175938551235 0.5275072873408179 
2.0 4.049884782835426 0.3799503892917347 
2.377303106970626 2.646185994879853 0.013795689771932693 
2.4100220261844503 3.088252072115435 0.9267335518777248 
2.0 2.5542380396627333 0.6433287736537247 
2.0 3.2266922495337473 1.0 
5.396195848660702 2.896765407523709 0.5884565224208785 
2.6010092392149797 3.362198739497381 1.0 
2.1263211249441305 2.5910484451157827 0.5304036947849553 
7.9944627717972185 2.6207726975339716 0.0 
11.056882068311436 2.7159934387795195 0.0 
2.0 4.007110507862705 0.7135139932952693 
2.0 6.033554001676002 0.0 
2.4805738347298694 3.483897844780978 0.6047630854939172 
7.9920628543666865 2.734040279851771 1.0 
2.547604376257474 3.063888192080273 0.681963321654834 
2.0 4.074993044299496 0.5659929016543201 
25.7678070243002 2.155970918088965 0.0 
3.0658137742074345 3.086853999304188 0.8704701193921316 
2.9787488964716786 3.1521543773481286 0.9082833997372288 
2.4608294978718535 2.9571272008933134 0.2705994169248921 
8.177048803883237 2.8201117852461923 0.5344712126329205 
2.0 4.429936701315885 0.769995135279119 
2.5168742730100497 3.5388594907559003 0.6003535191693191 
7.982181732339585 2.6947231098342126 0.005312612399333214 
6.899261189312683 2.889270211922959 0.0 
5.401640222216378 2.89881301005157 0.6543846366377782 
3.919929946162825 2.5486873289468504 0.198281821357172 
6.301461238838326 2.791024652503576 0.6736516766790291 
2.0 3.990432332299874 0.6273349483386418 
2.0 3.2714774854424955 0.18626086159574895 
5.808777013144207 2.7352082356334666 0.9030701186620852 
8.98241550416931 2.5483017535211907 0.0 
3.40878456761632 4.343846725743762 0.2872303648588179 
