53.178433787808494 2.669185942340749 0.7175761127864486 
24.958542324401613 5.95 0.5 
16.542478101967497 2.0 0.727972219201447 
2.0 2.0 0.0 
2.0 2.0 0.027417557724411568 
5.013535252366927 2.0 0.0 
2.3026575713392146 2.6719409769765283 0.02218714095820258 
2.5985926815642895 2.0 0.1318356457885138 
6.9722863979990315 2.0 0.0 
36.905205666317485 4.482255128962873 0.9442970395303341 
11.008331078637585 2.068013993561492 0.0 
2.500866544953628 2.3578084761754248 0.08663139689484672 
3.4820772436846443 2.0 0.0 
18.293465386675404 2.0740415574313573 0.8197923889329706 
2.0 2.0 0.849053595578412 
6.916961723603212 2.4282569992514267 0.25348342377533456 
2.086982534878551 2.5845886155598654 0.0901261505126324 
10.182953900541452 2.0 0.7348105101813308 
14.944389098349616 2.0013649054318856 0.5 
5.66199047561157 2.0503903871391373 0.0 
2.0 2.0 0.7269166065927806 
10.974954861583782 2.0 0.8691015702006359 
23.75047131173753 3.409790248118736 0.0 
14.172859232637087 2.06238007026299 0.6541490933451342 
13.70992599365227 2.0 1.0 
9.247862538513512 2.045412513029244 0.47475327365770237 
18.246891399614917 2.063900189779238 0.5 
6.35431346206647 2.0 0.17476943513652698 
6.105673072652859 2.0 0.7201770974167606 
7.749259644406395 2.0 0.3880186536737468 
3.146937457444964 2.0540251983040627 0.4761670197226352 
3.587804583828237 2.0 3.4743243040141135E-4 
5.88755622843548 2.1395167761707925 0.9617069051863639 
11.454804216179904 2.403776501849704 0.3710132231183268 
11.544077716266772 2.064838868144932 0.5 
2.0 2.0 0.9280140377815741 
4.737140491006803 2.011145594883785 0.2203275154580769 
4.30033644005343 3.2986857097873603 0.40902401947132283 
2.0 2.0 0.7398638779324742 
8.019285962171464 2.7229736323618297 0.0 
3.0440115346077947 2.134027245914156 0.32626407514035344 
3.397728259827341 2.4770186146014157 0.8508679652987616 
11.168811601210647 2.189878532561383 1.0 
2.774008682611265 2.0015155530963487 0.22216842495750969 
2.684557422715905 2.0 0.7124001227072578 
2.0 2.0 0.817265856041293 
23.456460721791586 2.171977657580397 0.8553189403997687 
12.800379931610706 2.0 0.9574450766483954 
6.107181918754776 2.2297190160516656 0.776827336150111 
2.24071244862453 2.0159702814364135 0.7773095782176183 
2.0 2.52376396530294 0.8575836256713241 
4.168467932961347 2.0733574036272797 0.26383282260994456 
3.894503190062986 2.0 0.8853624600278901 
3.565354285658863 2.0964144415662544 0.7942850509572577 
12.562293787074513 2.5995827897201895 0.0 
11.347821260167262 3.120022389272628 0.0 
3.2227717466445025 2.029287154771431 0.8074982912449381 
3.4477018133497426 2.5505820866752367 0.6603652141714962 
2.756561314449197 2.014293421003206 0.7448521309786676 
6.39633495155689 2.0 0.8713189832165363 
