8.620473557501429 2.0 0.5494480984395584 
2.0 2.0 0.7487530421718128 
36.52164283441367 4.140525213379929 0.2709525586556872 
2.0 2.0 0.7724148724596561 
2.0 2.0 0.9132270222134448 
11.728290214383613 2.0 0.5945471893948824 
15.126862661753677 2.0 0.5 
5.9091620607668 2.0110037229107363 0.8390049646442412 
3.245062149503031 2.0 0.6963326432524667 
4.7755831794217904 2.0729273486038453 0.18880402499617713 
2.0 2.6459859074813967 0.07811008829196045 
55.13265930886869 2.9587195323624442 0.442318274471684 
14.49658372738745 2.0 0.538842973518323 
2.0 2.2649271794596926 0.8390049646442412 
3.485431714731355 2.0 0.8110606410020746 
17.96450111067391 2.2218121997579052 0.6930575921908879 
3.4337280621813298 2.7622513780915376 0.7594729789405588 
2.0 2.0 0.005812924278101789 
5.829402981096925 2.0 0.7157678336801649 
2.0 2.0 0.0 
3.3789816871591416 2.0 0.736626575228847 
23.00125033326377 2.4341324817643164 1.0 
26.064536888259862 5.585415509037673 1.0 
3.6715688029335816 2.056490570968231 0.3366211028765709 
5.671488542748702 2.2252076105538214 0.7635622308231573 
10.825082997963385 2.0 0.3759521105888505 
13.725506496850231 2.030686689099987 0.952460696072842 
4.177259194363476 2.135547055204685 0.8138092265183765 
2.0 3.086869643055956 0.8885774367996642 
2.9476968373920345 2.434388022294017 0.0 
10.850062068437918 2.0 0.0 
4.073751530795281 2.2148382274828604 0.892458480575838 
2.0 2.0623849730170885 0.7059557003872236 
11.291200304784775 2.0 1.0 
3.4814568880025205 2.0 0.08817791132442218 
3.1756922713399707 2.835441162494455 0.31478262018905384 
9.658976146352167 2.3948355761703444 0.6934997909324732 
4.100590125083038 2.0 0.009398433401498152 
4.989710629457669 2.0 0.0 
6.407315840716294 2.2074873544270193 0.9309574095785974 
2.675386997213097 2.4860133433987768 0.19195757692349774 
2.9180036487952656 2.024947253285412 0.46336007482547015 
6.956944182837174 2.0000017274398734 0.22263068842928674 
12.785385976681258 2.061061343352575 0.8486045745779762 
3.405642470460139 2.750150209400654 0.6927364567553101 
3.7449705083587324 2.0 0.7702003417331307 
3.6174670084187643 3.066789232786801 0.4111519324842928 
7.950013456580219 2.3338704202098723 0.3799694559892788 
5.90893969228295 2.3683941383283775 0.16251036483937178 
6.397522652512468 2.0 0.0 
12.987651762667921 2.7571672978413124 0.0 
17.983753616865705 2.0 0.4507791092751594 
3.1829869788632132 2.8401547066251083 0.6419841855631228 
10.77062732699795 2.939249244687328 0.0 
3.1905236739103575 2.0 0.12797726559462852 
16.50614926776756 2.4200194604686627 0.6530383892079484 
2.0 2.7737373820737647 0.009183260866270526 
5.356516409387796 2.889402381702265 0.9050471562556244 
2.0 3.281787368147595 0.8626162771560388 
6.819439194408355 2.0351035316522044 0.0 
7.148340267389605 2.518802438097467 0.0 
11.334225919680362 2.0 0.9060712122389477 
4.494480046153452 2.381053747680369 0.29785862063074703 
19.64991712584379 3.157495154726795 0.0 
3.413611662518359 3.0178245013921594 0.6164935162468638 
