2.0 4.3948798163050045 0.25657059681234873 
2.0 2.0 0.029077066818970876 
2.0 2.0 0.0 
2.0 3.222478683648339 0.3290968878316615 
2.0 4.259916604142363 0.13730020171637503 
2.0 2.0 0.12155625584358842 
2.486994821488281 2.5388257111344203 0.0 
2.0 4.4632296235127535 0.0 
2.0 3.1526893310053286 0.24801394154223633 
5.141526621662914 2.0 0.0 
2.0 5.140586340344576 0.0 
2.2639200080033843 3.809665466925143 0.3812261387880615 
5.206941140812669 2.6377479373565755 0.0 
2.0 6.411234730864083 0.5051550074905871 
2.0 2.0 0.15946346134622846 
3.4116638922117257 2.624566580769809 0.005139208245948674 
2.027491986788662 3.15985622084289 0.05 
2.0 2.924255083748081 0.39220844502985847 
2.2959547686564785 3.454763517411017 0.7233641258974544 
2.0 3.4636668237379746 0.9582748839001016 
2.21915983458097 2.951458679531609 0.1663819991017285 
7.003571345057002 2.0 0.0 
35.86140038025212 4.18101253191983 0.5 
2.0 3.392117690387532 0.9855189133702814 
44.772350199667926 2.7457678919938164 7.913648898336609E-4 
12.004403964762954 2.5626676263149926 0.0 
2.1483840811490778 2.732893910053982 0.5448095916244715 
8.949505954298498 2.0001383623120006 0.0 
2.0 2.9382520055679593 0.6106789014354463 
14.99365190544896 3.4113059821522325 0.0 
2.0 2.9223154935379068 0.6827755827502839 
2.0 2.863996442221897 0.600197999509267 
7.7828160521275445 2.0 0.0 
2.0 3.9940672710433867 0.3128541472007092 
2.0 2.688622605446062 0.20060952728042597 
2.0 3.29846309566615 0.661947093013711 
2.029162186768678 3.2123303580983595 0.8016882907086524 
2.0 2.9206236386481907 0.880002989110195 
2.034291726300558 2.5568412906346865 0.8536902078451425 
2.049300893752164 3.28754057847878 0.3689260130041161 
2.134902265379955 3.192962675766005 0.5 
2.0 3.181379957742461 0.4249704261614483 
2.0 3.333592871143616 0.9191661876617824 
2.0 2.871188014683596 0.45867757230117867 
2.5825189857674657 2.944685103193831 0.11940157676605112 
5.6668536435576495 2.0 0.0 
2.0 3.038070361153942 0.7507817213008142 
7.796473888962926 2.6101868092938845 0.0 
21.242075878706956 2.5535228169931843 0.0 
22.968106006111928 2.5512315891593738 0.0 
16.845439454323685 3.4287590341761502 0.0 
2.0 5.6933819081318635 0.21605179321653112 
