2.0 2.0 0.1709662068824787 
2.0 2.0 0.03480828784239336 
2.0 2.0 0.0 
2.0 3.2432964630888987 0.4248537790349597 
6.186875139377877 2.0 0.0 
37.0013315272542 4.227251512358851 0.7178558601733149 
48.026048285410795 2.9064881269076115 0.3585937462773123 
6.706798147549506 2.0 0.0 
8.426937583571423 2.0 0.0 
2.0 2.7526062547943035 0.7441591281177037 
2.0 3.3459193063115578 0.9486295020070967 
2.0 3.817671420540931 0.13796741778778904 
2.0 3.8281748939166036 0.34068696501280105 
2.016801830170706 2.7547424708050854 0.246933833224204 
2.0 3.4264496336529957 0.7715727280036242 
2.0 2.630844489154872 0.003141938925508958 
8.512124301367301 2.445985165261848 0.0 
2.8832781751206875 3.4316952594639516 0.08390244192896856 
2.0 2.8722259498074596 0.8928088237113585 
5.132785743547789 2.0 0.0 
2.0 3.0823676242063045 0.3839788382768492 
2.474222742799883 2.991533819330697 0.5 
2.0 4.85773212974933 0.0 
2.0 3.4441577481568255 1.0 
2.3954320671821256 2.5238431398432093 0.3058129781260974 
2.0 4.063254925933244 0.0 
2.0909565193437745 2.873693488076654 0.6717450126426011 
2.0 2.6305174292258897 0.4782360959858223 
2.0 2.6083826454330117 0.0 
2.0 4.376561831742132 0.40276807002151793 
2.0 3.4137249547733446 0.5572648890518139 
2.1351104699482 2.88349644808847 0.6262877561873549 
2.0 3.1772458995079127 0.3733135826288163 
2.1680080206591805 2.9168291371991613 0.5978954349729171 
2.0144111538164178 2.013644664797839 0.1258648798781779 
2.0 2.8019392348472394 0.8619637582112323 
2.2396524427638864 5.682883974420551 0.5 
2.815840866624546 2.606219752377463 0.1365842411390294 
2.1807931133465837 2.749629587142704 0.2067011895285382 
5.409885498307715 2.8645640591631207 0.0 
2.0 2.8976843920344395 0.708503004362161 
14.763484418761307 2.749507254154408 0.0 
11.931610561884733 3.1289187724949272 0.0 
21.457133345268275 2.7101987179535163 0.0 
16.917116692966232 3.259482065748091 0.0 
2.3612649005635515 3.8147006562508263 0.2963867690125715 
2.0 2.7606405281930035 0.81325372953599 
8.02043937839698 3.402938323819689 0.0 
22.877066690005293 2.7284629133696727 0.0 
2.0 3.2440853839258352 0.9142503068001904 
2.036283484686984 2.955535772517813 0.17076130543151508 
2.209327618381132 5.718003660215148 0.1650832100182386 
