42.06614146392387 3.2067150583100927 0.5866058471699833 
2.0 2.9853886512688343 0.5904177277688066 
38.37561213507541 3.9120347741080934 0.5674207491236959 
23.53603049654669 3.3973690867779176 0.20725600489592197 
3.6626933350084308 2.0 0.0 
11.165474377511714 2.0 0.0 
2.0 4.350741917802248 0.7062163222028265 
2.0 3.354066444975678 0.04492014307495916 
2.0 2.0 0.0 
2.0 5.95 0.0 
2.0 3.432968119948714 1.0 
2.0 2.0 0.021096334999848088 
2.0 3.006982960498675 0.29946397425737553 
2.7615057517980777 2.0 0.0 
2.0 6.445992568868261 0.027303359821256114 
2.0 3.6760848398722574 0.6335562481781114 
4.591475187553658 2.0 0.0 
16.196242462434608 2.8371791490851495 0.19775864747950245 
2.0 10.275812873444073 0.0 
2.0 9.022517645670852 0.0 
2.042976567547317 3.18997702685742 0.23010154206610106 
2.0 3.777944670238859 0.6979110866834839 
11.154878839612604 3.071669910773887 0.0 
2.1361696570548436 3.9592833198742934 0.5065219964738091 
2.0246785524949846 3.8148056655967384 0.3868153053082472 
4.320690848482931 2.247166824774065 0.09241166650140159 
7.9011358200331845 3.334381032262142 0.5 
8.406601992577363 3.357480579358264 0.05 
12.02382453968148 3.17838737311457 0.004158163790413608 
4.001087702064085 3.440733646576168 0.1989700565911197 
2.0 4.11466976623302 0.8265620613577597 
2.0 2.8788243782883396 0.55 
2.0 3.0995325570421848 0.6266271690924875 
5.9492227735092555 3.1804051375056006 0.0 
8.80188507411333 2.959887596816195 0.0 
27.13913393374537 2.0 0.0 
2.0 4.640909179574913 0.2654725191891648 
3.026881806936222 3.292546363918392 0.5881996044366931 
2.0 3.895496012790469 0.7599417562573076 
2.0 3.1837943871928145 0.6707498732973338 
2.0 3.5294475802722483 0.28353973442369973 
4.911578745932923 2.6620120766852464 0.534031821223767 
2.873634341212857 2.1407326249748855 0.10749589908491702 
2.0 2.902271860100988 0.16149262713581586 
7.504079987290883 3.342608455937537 1.0 
2.0 4.2921533046297125 0.56119608920729 
2.334014831840541 3.32983792880278 0.9284720283339963 
2.0 2.5546859360045895 0.38427379645260845 
2.7027945003933187 2.510447651165046 0.8307052988894308 
2.6201864809187527 2.93426438818328 1.0 
2.541755192298537 4.397092486451525 0.5431391696441398 
3.2858306280893466 3.1316590834644735 0.7113996302823677 
2.9362120619841585 3.5875530274097356 0.2591418935604288 
5.680648132255948 2.585018190075288 0.951160487691736 
