2.0 2.9697638524866363 0.46953730508358726 
2.0 2.0 0.0 
41.95542889567726 2.59333108833146 0.6778857892264778 
2.0 3.241040157834652 0.6732825593821856 
2.0 2.0 0.03112617136006557 
5.008042742300454 2.4068771096648227 0.0 
2.1790373399460123 4.172828980710075 0.1407501713750472 
2.1738145129866586 5.880436854150829 0.44251391473990365 
2.0 2.798436380771304 0.0 
2.0 3.0728665544389857 0.4919260258265542 
2.0 2.56755244227742 0.16406741576819753 
2.0511790482741277 3.4729382169344762 0.3916072667693127 
2.0 2.783505579960689 0.23313815341707084 
3.063892765161712 3.2808644410343057 0.15828103150639308 
2.0 4.3781342183312235 0.0 
2.0 3.9130968379170055 0.2558228906009335 
2.0 2.804473742972138 0.5741111913858031 
2.0 4.65988458769305 0.0 
2.3718130085789753 3.243565356647201 0.028317485048248128 
2.466928340634425 3.036011196420168 0.7153621796413541 
2.012906340650546 3.279213357273129 0.20438465124413013 
2.377835623477482 3.3178140180855813 0.440846886558374 
2.1768837207348017 2.8224361643591838 0.5492704012103364 
2.536419181188181 2.596118244348102 0.03807497879786535 
2.0016855258783948 2.743524298000734 0.3718254222328794 
9.007517667543908 2.0 0.0 
2.0 3.331156418053974 0.795979927773933 
4.838409892125244 3.4017968032644132 0.0 
2.0142177395496637 3.5450073749274598 0.3939995343847702 
2.0 2.0 0.10889420468853891 
7.877735247898297 2.0 0.0 
15.572117826671 2.8287718751701996 0.0 
2.0 2.787205362617582 0.9171940521639196 
2.0 2.620585708703592 1.0 
23.530715361304193 2.5067780274306752 0.0 
39.82090967784646 4.396325861853409 0.5 
2.0 3.0314891892984743 0.8680786616575424 
2.1282861809808535 3.38884970275539 0.6317687203193875 
6.223026927989337 2.077655143676754 0.0 
2.0 2.858584429216981 0.6865197069952217 
2.0 3.224535092441507 0.9703046232351926 
7.370894749849165 2.0352969001746604 0.0 
2.284828337870608 2.839736869185498 0.8475566297679749 
2.0 3.4348502464334763 0.304058040156034 
2.394361436134624 4.46300455795819 0.3463775436688492 
2.0 2.2650252867717433 0.1573325766901294 
11.906459102455738 2.7411216044905107 0.0 
20.99498846388146 2.531383169101316 0.0 
7.983104454198415 2.547746865527968 0.0 
2.0 5.864661420940875 0.17257099918876967 
2.0 3.0416284660826696 0.7796629276438126 
