38.08555316302106 4.479680497409787 0.4117946227841894 
2.0 2.0 0.0 
12.133026310261002 2.0 0.56948143671874 
10.589023018839384 2.0 0.9359624507859272 
27.3747084268393 5.777590761401015 0.1337220146098192 
2.0 2.0 0.9113091031973538 
13.850152502453387 2.157140556801969 0.5674605293465118 
4.267945957541713 2.102551053600914 0.2597561017406648 
5.785637874746065 2.1793017504642194 0.19337286935475737 
4.751208878551157 2.118743591574288 0.22440979517741166 
13.56264282750892 2.0 0.8769099871895069 
2.804273148882034 2.0 0.4545227396518549 
3.9020154190041882 2.0 0.7570118638149972 
2.0 2.5262603112237314 0.07466165007477576 
2.0 2.0 0.7454629846632119 
50.08982709225534 3.202202478771605 0.8794698805364755 
9.422452648487235 2.1832715095858237 0.5 
11.175868783425287 2.0 0.0 
2.0 2.0 0.0016791228295340505 
12.832342036167248 2.866975705677991 0.0 
7.466494300932746 2.0060471658607795 0.0 
22.592862702719824 2.0 1.0 
2.0 2.0 0.8355124594092932 
2.0 2.0 0.7136895425488085 
2.0 2.0 0.7694764253938421 
2.576441270000503 2.467250344281151 0.08578706813284452 
2.0 2.5345959508199187 0.10711064241614576 
3.3276930202335 2.731107828965961 0.6362939916024162 
13.295166631449014 2.0 0.8492484483676256 
6.401360359419225 2.0 0.9438947726208908 
4.328964164174355 2.0203559278118726 0.025193725602336722 
3.409363379171455 2.179578120685572 0.722819772715556 
3.4628815821047567 2.117320314012807 0.12916167007469892 
5.779334338206116 2.4211592083598177 0.884632002652014 
4.381646622980838 2.0026885677697552 0.8163906222835489 
10.766721319619352 2.6601845635544366 0.0 
3.3978598042549226 2.0 0.7967487788785403 
7.0988827106473185 2.073986485726845 0.21344348874346095 
17.952690172421455 2.015403516528623 0.5 
3.308231888325982 2.0036590715733635 0.0 
6.207764695707579 2.0 0.0 
4.3320554411056875 3.095602884715471 0.38626104731293526 
10.213532113646844 2.051511286139552 0.6380940204767995 
3.3536617110574047 3.0086843726733328 0.6079767537989109 
3.190862477320139 2.0 0.7079461456211557 
17.423942914319582 2.2811016061504583 0.8181142271612253 
18.407275899286667 2.356609596601707 0.7780618027561368 
15.05313528318784 2.0 0.5209448570154809 
2.5821978075161276 2.0 0.3329868159412237 
11.428231376775887 2.0 1.0 
8.355252500292881 2.2940438412219835 0.306585305599552 
10.935016784988267 2.2694114746663425 0.34995421439480845 
22.902119490669975 2.746659673553792 0.0 
3.2226275176330503 2.171084947454045 0.2175109734275383 
5.052426051710054 2.0 0.0 
4.2291443335371 2.0621963397912126 0.8619365099895011 
7.097879628934588 2.6169805756508753 0.0 
3.135578358461511 2.641607809585697 0.7886927205214176 
5.57780356546527 2.0 0.6886918548612319 
5.952146311751424 2.040659131046163 0.7949413360627131 
