2.0 2.0 0.04337511137018531 
2.0 2.0 0.0 
10.19936460799115 2.0 0.0 
2.0 2.0 0.18236927059805913 
2.0 2.0 0.24959634262697591 
2.794080816325143 2.0 0.0 
11.05840361246328 2.0 0.0 
13.371198655748461 3.391536456060823 0.0 
13.047309959648205 2.0 0.0 
2.0 2.0 0.16727319607425645 
6.725851173855666 2.0 0.0 
5.891277030739726 2.0 0.0 
17.586035087539358 2.0 0.0 
3.5801839562674225 2.0 0.0 
10.79223857333372 2.0 0.3826263010349942 
41.04187898831824 2.0 0.0 
3.0253415865937203 2.5102859406229565 0.09145082866548686 
4.21587865939787 3.0437371526126906 0.1762112236676409 
2.076211063770648 2.5296408668206993 0.09018335655749557 
35.16220421323298 2.0 0.2958421464703267 
2.0 6.7624664075764835 0.05319168477732787 
9.503452519539124 2.712388092346779 0.0 
4.855095483740188 2.0 0.0 
3.6035577202554663 2.0 0.2713213332251633 
3.1670639659062565 4.5805291907383765 0.06818719571522613 
2.0 2.0 0.5138427823677088 
2.0 2.0 0.31459495093694 
5.996817119824504 2.0 0.6196672692659322 
3.300010073361088 2.578447609205846 0.3167835116854122 
2.4081585240313133 9.420215970117649 0.29304007422624534 
18.925906051596005 2.0 1.0 
2.0 2.0 1.0 
7.972452243001461 2.9297823807545127 0.0 
7.003880166992435 2.092821934287844 0.23301289738399467 
2.752160362813399 2.0729199169499513 0.5003576247226516 
19.358882745380818 2.173868652283002 0.5 
4.199678300651561 2.2364560342446516 0.2043446656455403 
27.134731686044063 2.163671116573188 0.7535076549697683 
6.349021840521562 2.0984453182046297 0.4156818418446919 
2.0 2.0239805276568696 0.5319712210807664 
7.336498361207717 2.0 1.0 
4.927246288403386 2.084828421646233 0.27829122738913903 
8.464972930021549 2.0 0.36915444251856666 
2.0 2.0 0.4522363785190792 
2.0 2.0 0.8783084616849259 
2.0 2.0 0.9492970978225637 
8.048426901016397 2.1052791820179575 0.4048370938933735 
2.5771507530864155 2.0 0.9427637160958546 
3.5083032061385744 2.216764350139037 0.35258178539275764 
2.0 2.058709677541216 0.7208187526003226 
6.542995777711132 2.0 0.5305404865479171 
13.483556910270414 2.0 0.8647120936506425 
7.680115811456677 2.0 0.8826129635928727 
7.618102059922537 2.24335316637622 0.7405712937082426 
14.217459602706084 2.0 1.0 
2.868597541676216 2.0348911851948284 0.554104856401282 
8.05 2.203776002424676 0.6629329928114129 
2.0 2.7266410110020667 0.30198585697983216 
15.380598857274261 2.0000167562452025 0.9089181512265232 
7.364691983048363 2.2513488483023263 0.47648755022913686 
19.98587349332926 2.0 1.0 
3.395345353300217 2.0472815741680477 0.6012967507816314 
10.331012357610906 2.0 0.6040754783952335 
3.7566340069005086 2.0 1.0 
2.0 3.6146142969336914 0.24240580239090115 
10.10459654686246 2.0002428689689493 0.498482059091977 
17.043319740147084 2.0015072913269263 0.8323397405215731 
2.8926268109370348 2.0 0.8173886326649795 
2.5362498739990142 2.3197571070624563 0.33056736135476683 
5.349368036181081 2.146429381030851 0.8169315928483134 
3.6542469917134355 2.0552563357663445 0.6021667703344229 
8.749251134598122 2.050001802385147 0.3518574877338261 
13.03836720597448 2.4211845482002485 0.6424584264836979 
3.011426102797727 2.0235824215810756 0.8678452176610462 
3.002130905904395 2.4938377834182197 0.12173652051962607 
4.941784721479897 2.165208595180177 0.9453853280864615 
2.302818932994053 6.046883141688381 0.3735457928519742 
3.47535976832979 2.479676485219156 0.731949178456546 
6.760606303970573 2.0 0.9338624701627232 
2.982321132154922 2.437866047995276 0.20041340171327734 
5.932005015030381 2.034707784710063 1.0 
9.866092343292078 2.243934740705645 0.9849529831459765 
2.9472722043926307 2.1003654690965674 0.3608125636284361 
8.706174822898078 2.269056683720204 0.7147069015846493 
3.1305880036113747 2.002553779074674 0.6329544300034621 
2.293200264150477 2.519002731125063 0.059078511907393376 
2.0 2.759967103854186 0.1816275311175236 
9.19094857144396 2.470228662899439 1.0 
5.094542419693612 2.2178861687363836 0.3483204850236188 
5.3687554993786355 2.001428704089249 0.44180653777166146 
7.073253088660357 2.315610894253772 0.8148937737503799 
6.1675083786577565 2.144575354961225 0.9104335114283606 
4.693609416653043 2.009564244519609 0.6929818105105241 
3.323063321174997 3.3072952319891558 0.114665142516024 
12.000272814920466 2.005483772152584 1.0 
10.910211602998077 2.650312681868749 0.0 
8.862636092582036 2.564835240358814 0.0 
2.5358666816337756 2.0687000661543373 0.4267024362076462 
5.85785633540042 3.227263397299001 0.0 
4.014045745674386 2.05789720169376 0.3118664246597307 
