23.64712805162118 2.0 0.9124738284818632 
11.140649721611751 2.0 1.0 
2.8143375303743134 2.006063693817538 0.7115793319503171 
14.16634459836116 2.0 0.5355929932872738 
40.35925503931477 3.526696669921113 0.9081072343827944 
11.633465803372133 2.291785405200533 0.5181396549295483 
2.0 2.0 0.0 
2.0 2.0 0.014859552586818758 
15.024127319658405 2.4643636230865504 0.5143323872985207 
3.1122214977875955 2.4960925806166414 0.45991188065903893 
5.770342435890758 2.0 0.0 
4.075073170422803 2.0 0.06937421348074474 
16.86416644771063 2.035707140365462 0.7728858326516468 
2.0 2.0 0.7271259087383289 
2.6892108192338053 2.436736377337633 0.2014333899825762 
2.633388954825957 2.0 0.1039367895130295 
11.072195072979426 2.208272914094951 0.9020784055040444 
3.883703478985862 3.3805696267289793 0.38786887233828937 
9.128147913151585 2.0 0.48119236366402157 
57.196795765957376 2.864664613404479 1.0 
2.0 2.0 0.9238276308745541 
25.40385259670812 5.785946375114571 0.862001377157027 
2.0 2.0 0.8517939659094118 
13.425231350183637 2.288468968058431 0.887507705505534 
13.870917032129253 2.0 1.0 
3.7043177418686453 2.0 0.8290445137660358 
5.710298052106448 2.0 0.15927162922548246 
4.873640776847179 2.0 0.0 
3.907458512979213 2.0 0.8050995759797341 
4.585812051990819 2.6884616478635097 0.9117555030893305 
7.047472861364724 2.0 0.0 
2.8454530140941467 2.0107105286732763 0.3325121658983491 
2.0 3.0648568669367817 0.03441087624053041 
2.0 2.179595578270915 0.7512612828156429 
3.518169955711697 2.3383259751612244 0.3003522466749683 
2.834677327281067 2.3186424481993804 0.148497432604918 
2.6881047340662088 2.0 0.0 
2.961052476618314 2.6848021836357026 0.7170303741989555 
11.010439185932915 2.0 0.0 
2.209945454821472 2.7825660719306646 0.8286960122057159 
2.881128885842126 2.1822924042266965 0.7471007445680478 
3.3439524669784553 3.0715085787154974 0.6209927535074102 
8.027229994382807 2.221789675969171 0.36734128242735387 
18.01630250130385 2.0005828024805554 0.5065658802804109 
2.8445105360730354 2.0 0.8090386425623433 
2.0 2.0 0.7800025247782982 
23.102087721587164 2.692124045740262 0.0 
2.983866189437073 2.0968418800473256 0.8525063145136511 
10.545608470628306 2.224294814395681 0.3150371300854947 
5.584594638981354 2.118476352642373 0.8489619358576409 
17.53575803272222 2.0427244559560513 0.7708658341210656 
4.5391965454765115 2.35379672479941 0.24732576413141788 
11.889437153274518 2.5189263436673213 0.0 
2.0 2.60864915840781 0.08125761937548137 
10.126615781672141 2.0009972584973945 0.6789694147472398 
6.21695530581155 2.1190906324547276 0.7554643341869911 
7.487671796539843 2.813604196741373 0.0 
5.551103381789266 2.150859750367987 0.6939420263571444 
20.176676711015578 3.0383642872201477 0.0 
6.303838396640845 2.0 0.9099094522004345 
4.256776925440981 2.0080124455018535 0.8797716360171264 
6.581253005238832 2.0818380708598494 0.24759688402593205 
13.466890177691806 3.184313510563269 0.0 
2.9135026644404065 2.954809114379055 0.7323711523602556 
