2.0 2.0 1.0 
11.665478519901912 2.0 1.0 
13.629265101121172 2.0 0.87549863432935 
31.5964419501653 2.0 0.5 
2.0 2.0 0.5485541082722067 
18.903545100261425 2.0 0.5992300961776347 
15.35630475746129 2.0 0.8478438507908918 
9.609080618761316 2.0 0.9404572457625696 
2.0 2.0 0.8568917803215556 
2.0735534333835957 5.678061711221606 0.3687841842291635 
7.279139859661903 2.0 1.0 
2.0 2.0 0.9404572457625696 
3.7607438792580057 2.0 1.0 
2.0 2.0 0.1510773793100637 
3.191613930980478 2.166543380950039 0.3518388831170757 
27.179254363662185 2.0 0.8200428799170842 
2.95070884515932 2.000526332410188 0.7230821572579604 
2.0 2.0 0.040677297327017414 
2.0748057361299908 2.722423309664271 0.3287970315051218 
8.05 2.0747762852895826 0.6510773793100637 
2.0 2.0 0.4465287488013132 
16.651899393318075 2.0002833910881197 0.7498409876178801 
7.390126271993876 2.0418726063078223 0.5547343184244629 
8.591698968857118 2.0814715310145964 0.7118852459384526 
3.611568362355654 2.0 0.3859988880286822 
2.2199473808866115 2.0 0.0 
6.097045516957141 2.0 0.4289168010831016 
9.350972931578967 2.0 0.9936197580321641 
2.740938222347224 2.0092662018657066 0.5 
5.657173688975481 2.268257319494115 0.9737888353414061 
2.0 2.0 0.1142983768869725 
2.8547284565918805 2.0 0.42035733109933626 
6.395264267084584 2.0 0.898325771580337 
6.850085492391713 2.0389588038167377 0.5112504957303449 
2.0 2.0 0.24267854620719542 
8.05 2.114121150940819 0.7395693993964099 
2.0 2.0171873875858943 0.5244532508619237 
2.6447526430762425 2.0499204243442852 0.6142983768869725 
2.0 2.6892820909964246 0.054210205462291106 
2.831211868397026 2.0 0.0 
2.0 3.519013867536578 0.2514941317737004 
2.0 2.0 0.7063805779355993 
9.57510215903714 2.0000001445606097 0.5 
4.8319390301113305 2.0387603584730756 0.46057421000451276 
2.936122824727006 2.0 0.9767221649569359 
7.079035673425652 2.0002805318252093 0.8626148949166967 
3.32442602095099 2.3675495174765353 0.13453126387675118 
8.275939429229785 2.5564504706917472 0.0 
5.897294873970438 2.04960686013236 0.6405209766902141 
13.479676810895812 2.000000257456963 0.5387430216526098 
3.606994184811673 2.0 0.0 
7.577895364422206 2.0708444972433036 0.8415141274224187 
8.05 2.0213524566828975 0.4807189912899011 
13.34493301465769 2.0009850585349374 0.9808904808970009 
2.6418900901683404 2.0 0.5535223594982529 
3.4868055108590674 2.0344766892994106 0.879880044368931 
9.608747060676187 2.362632356973232 0.49542755420359164 
7.240250827055377 2.0014292672608462 0.9215514204923645 
5.226054317561271 2.0000051309861004 0.35395173806480024 
6.774471004451324 2.0 0.0 
4.959582996914178 2.0073050749400707 0.0 
3.541856599608166 3.190623074427986 0.18335786774560314 
3.371635373791172 3.338963987121487 0.03650029781918045 
11.397424957466066 2.025467589125178 0.0 
2.8048610364551316 2.02206045166895 0.5998861957196042 
17.72140915687794 2.0 0.0 
8.568034335828523 2.7793338175998215 0.0 
3.1225474936652895 2.0 0.2065149999177448 
2.503931401219699 2.008400558263022 0.8189208801757033 
8.715285149500922 2.213134382052529 0.3661310181284249 
20.18581388665816 2.0 1.0 
10.498186363112021 3.1242303789296404 0.0 
4.190610520565478 2.2476093621564086 0.5747727951989614 
3.0947951771891686 2.7853184761125416 0.12760978988528893 
4.403693012366178 2.0 0.31834825343204365 
11.422348547963221 3.2345474750549297 0.0 
2.7416358519787756 2.0 0.33342574705299005 
19.45775057272222 2.0 1.0 
8.036667052529864 2.0 0.34749286156105647 
4.749925030556307 2.0395938676167176 0.8120867485495461 
2.0 2.0 0.1829211353368403 
4.8395920897204014 2.034898478248895 0.7157057790156515 
3.507571339253863 2.000996729405232 0.2708597466442414 
3.829600244661481 2.0 0.22911728471902224 
4.9056996778350985 2.0 0.2995142020527038 
10.406873336914163 2.0 0.0 
40.33921958189356 2.012927032855477 0.0 
6.178112291489224 2.538580676659579 0.0 
3.021957294973075 2.8774726325893916 0.3342386461319294 
13.131868482997017 3.474816184745681 0.0 
2.6480871772693746 4.54797555504421 0.16532000532580676 
2.0 9.013034503154975 0.27577719453219374 
5.453269944352175 2.1527216810889325 0.9636950008213936 
6.2813876780310665 2.0 0.0 
13.046755752846318 2.0 0.0 
2.0 9.751036390032517 0.35472967333874555 
2.0 2.8872632148837383 0.08298907074379724 
30.575149536401764 2.0 0.632654452706276 
6.948716672577184 2.0696601745329275 0.2095879277495909 
4.510954049253725 2.0217431842175615 0.21330997156548004 
