7.285133925356078 2.0 0.0 
11.240644227418118 2.0 0.3191065711950903 
11.349235105896623 2.0 0.0 
2.0 2.0 0.0 
10.571965179660417 2.0 0.9423440199102953 
2.0 2.0 0.005405073816468587 
59.84772762512018 3.353925414012674 0.11104252209268362 
6.485357050843168 2.1542544135563118 0.0 
12.874001608559484 2.0 0.9201672317625621 
2.0 3.2513094043054545 0.005184006136953551 
2.0 2.0 0.7459122207180662 
2.0 2.0 0.8363572527187927 
4.038606980615247 2.0 0.05826560582555203 
11.14005836238901 2.557165220454739 0.0 
4.980747802912674 2.0 0.0 
3.471126439488012 2.3570654154698163 0.4657024076576155 
3.3903296795110505 2.9919442737323156 0.6953357092156079 
6.755304231248079 2.0987109399781185 0.24173085014366186 
5.572311158151006 2.0 0.8212451757894831 
13.063229176085173 3.057209329042091 0.0 
11.361151230128423 2.0 1.0 
24.309286857319286 2.408852479026938 1.0 
3.1354949697217545 2.014392697603399 0.7386180588677373 
2.77073242880109 2.1225261165433946 0.7052293214589299 
2.0 2.0 0.7293551207981803 
2.0 2.0 0.7650670018497764 
20.20214639065371 3.082721660807404 0.0 
4.070721146595323 2.1913289526988877 0.2771184741880968 
8.891053799240314 2.016734120984056 0.5 
12.412755609240934 2.027373571903284 0.505735638795254 
7.696291350053895 2.153241309787494 0.35688921455071027 
2.0 2.0 0.9184569303863402 
2.944949868371955 2.036690210462477 0.8034557302656978 
6.3368658574628025 2.1615058200711506 0.6803235626614419 
14.414135670612351 2.0 0.8956991762202613 
14.445185616996785 2.4533270258255575 0.5391978257955805 
3.7405553270884235 3.150191625925302 0.38614438112633787 
6.373829803779439 2.080369410537349 0.20259561126436576 
2.726756857376971 2.0 0.0 
3.4372588282264473 2.257089709668023 0.11399779529327397 
22.834775967657958 2.695400122762676 0.0 
14.817869954432044 2.478619589125059 0.5 
6.350932541435394 2.0 0.9237155633220425 
2.0 2.825117811058526 0.07772150011036844 
2.7640072575386627 2.838897794934669 0.5907111312198818 
25.387606881288455 5.505845070386354 0.07374828470254391 
10.45676418851437 2.0 0.7125418850053639 
6.268703062766084 2.3634726199580367 0.7529719337443019 
3.312138936975978 3.2728035105206783 0.8125192987519176 
3.8967749413639075 11.90298667512559 0.0 
3.7230554559854605 2.003042657594498 0.7557193018280346 
4.061981647355049 2.0547997304678876 0.8458286068391817 
17.922864864503687 2.0 0.6509422570366957 
5.469967571328837 3.323550869528397 0.9150477673232588 
6.856127719890253 2.962239365393858 0.0 
3.5240148937437272 2.0 0.8620057590889473 
36.62328648284644 3.5654731473187757 0.13140420659733226 
3.057082764522149 2.8917717183601845 0.6258666166188729 
2.558024720087417 2.0 0.21080446510142425 
2.549224267519908 2.0 0.10665414723632122 
17.417825271031717 2.3898498254113125 0.7115708960290249 
4.713554693880877 2.4172585385964527 0.24812982670675243 
2.609361085076074 2.2355211301241757 0.32183310810929466 
17.826689200455313 2.1957394062019175 0.6933090694348397 
