0.067833400000 0.332408000000 0.319416000000 0.329963000000 
0.744481000000 0.001084870000 0.000878814000 0.000907648000 
0.048886300000 0.389568000000 0.375398000000 0.392996000000 
0.130446000000 0.288674000000 0.274897000000 0.291820000000 
0.775049000000 0.000299272000 0.000143607000 0.000141378000 
0.042571500000 0.394656000000 0.380667000000 0.398420000000 
0.388474000000 0.079601400000 0.071555700000 0.073791100000 
0.721569000000 0.001321730000 0.001094360000 0.001115220000 
0.058195600000 0.370847000000 0.355854000000 0.372697000000 
0.788927000000 0.000204143000 0.000052647500 0.000051814300 
0.036542400000 0.401675000000 0.388628000000 0.402692000000 
0.083076000000 0.330307000000 0.315432000000 0.327533000000 
0.744286000000 0.001271260000 0.001059030000 0.001096710000 
0.107766000000 0.300927000000 0.288565000000 0.302558000000 
0.051934200000 0.389407000000 0.374979000000 0.392855000000 
0.544854000000 0.015503800000 0.014099500000 0.014936400000 
0.631133000000 0.005810470000 0.005281480000 0.005567870000 
0.753901000000 0.000827484000 0.000614913000 0.000645663000 
0.786418000000 0.000323289000 0.000143135000 0.000182232000 
0.057046400000 0.380650000000 0.366103000000 0.383668000000 
0.667173000000 0.004011350000 0.003585850000 0.003816680000 
0.681955000000 0.002822120000 0.002562000000 0.002621000000 
0.759912000000 0.000615229000 0.000438590000 0.000453515000 
0.747523000000 0.001034550000 0.000816322000 0.000848165000 
0.649040000000 0.004861400000 0.004380960000 0.004575610000 
0.422673000000 0.039138400000 0.035648500000 0.037597600000 
0.597790000000 0.009068110000 0.008228190000 0.008670550000 
0.658920000000 0.004445880000 0.003958700000 0.004159190000 
0.530366000000 0.017761700000 0.016153400000 0.017094700000 
0.420316000000 0.057128500000 0.050879700000 0.054206900000 
0.571877000000 0.011562500000 0.010515900000 0.011121000000 
0.032567500000 0.418894000000 0.405988000000 0.420157000000 
0.611275000000 0.008973310000 0.008230640000 0.008510130000 
0.588363000000 0.010890800000 0.009871590000 0.010466900000 
0.698645000000 0.002245980000 0.002003660000 0.002057840000 
0.483203000000 0.026413300000 0.024107600000 0.025416300000 
0.505156000000 0.021659200000 0.019686300000 0.020891400000 
0.567288000000 0.014157100000 0.012795100000 0.013570100000 
0.460282000000 0.031393900000 0.028559300000 0.030189200000 
0.472741000000 0.028869300000 0.026262600000 0.027746400000 
0.452317000000 0.033480600000 0.030529800000 0.032147800000 
0.034076700000 0.413031000000 0.399763000000 0.414117000000 
0.628389000000 0.006508330000 0.005889660000 0.006211150000 
0.614437000000 0.007425140000 0.006709940000 0.007147730000 
0.708029000000 0.001645940000 0.001413500000 0.001482350000 
0.441196000000 0.035896700000 0.032629200000 0.034484700000 
0.029237700000 0.425724000000 0.412724000000 0.426577000000 
0.053284600000 0.383024000000 0.369461000000 0.383779000000 
0.031886600000 0.421223000000 0.407840000000 0.422096000000 
0.516532000000 0.020184300000 0.018370500000 0.019416300000 
0.494502000000 0.024789200000 0.022557800000 0.023870200000 
0.030087000000 0.423860000000 0.410826000000 0.424771000000 
