2.0 5.014689192842443 0.0 
2.0 2.0 0.17393254801802427 
7.950307144654996 2.329203737381956 0.0 
2.0 2.0 0.0 
2.356375397672779 3.109170171480402 0.055239830741128655 
9.27024653042027 2.0 0.0 
36.3016350257095 3.7607574398015706 0.4151552185823544 
2.0 3.079415743793888 0.17530914633755645 
5.047993016391035 2.0 0.0 
2.377139906121587 2.0739977607369524 0.0022417201364782246 
8.390871863521372 3.4318696733002847 0.0 
2.0 4.3377932567185 0.0 
2.0109709438183145 5.822241510283002 0.21486692996117174 
2.0 3.072143382348095 0.0 
6.900495394784549 2.0 0.0 
2.0 2.6804383614846503 0.6164884842793144 
2.0 4.458305483034435 0.3595182759341673 
2.0 3.7208462200496437 0.1144967436900995 
2.607650197021716 3.1748355591389394 0.08056177706017431 
6.2219679252374105 2.156238783507881 0.0 
2.0 2.981912135511479 0.32882909580726705 
2.0 3.82806555443729 0.27634019273112703 
2.0 2.0 0.10240168812204642 
3.449329404541282 2.8063467956634964 0.12737475546498928 
2.0 2.75263485168463 0.3436382804267799 
2.008514633832484 2.5884958140127883 1.0 
2.0 2.6227532100273456 0.47480022205131045 
2.0 3.981842134462026 0.3172710087487851 
2.2587268901969213 2.58822406378468 0.6615508752908676 
41.981734431233214 2.91011462910405 0.40314896687250884 
2.0696002287913697 2.589336789557039 0.5324248755487581 
15.875996239666954 2.536464604472247 0.0 
2.0 5.546539877368836 0.5 
2.0 2.8686646520039103 0.5 
2.0 3.3351533728337897 0.24710101545879332 
2.0 3.046649097814196 0.8227281477391585 
2.1688884865120888 2.7072852411575843 0.7503127388669197 
2.0 3.1085281523944945 0.5909369683781134 
2.0 2.7302673926071623 0.881589292396254 
2.287190467017482 3.175721667147366 0.8396344435170089 
2.0 3.496643598500833 0.9259533307805698 
12.271805566144396 3.147641681935499 0.0 
2.008817601379299 2.708551089879481 0.3951915249113549 
2.0 3.058276629518092 0.4316844619937352 
2.0 3.138837783073494 0.2116614505419332 
2.0 2.5588837694784106 0.9439488181172537 
23.24287376698622 3.429899743220748 0.0 
5.175576732058772 2.804663240795769 0.0 
17.241663000671522 2.9796054673851575 0.0 
2.2223658401342252 3.46069393406437 0.7099078527687325 
2.107472715037412 2.890518897202352 0.7644294637063495 
22.39344024580751 2.958176033341097 0.0 
