3.9542901236726613 2.040685837364262 0.306104076258664 
8.49884595189254 2.0 0.7602785738693327 
2.0 2.0 0.20129977653638365 
2.117750580393992 2.0 1.0 
2.5198580536286075 2.0 0.7283172129262016 
2.0 2.0 0.0 
4.626494238008492 2.0 0.9727599815238255 
2.4873773969116177 2.182927518235244 0.3144126879736837 
10.616474351560049 2.0 0.3011017641992634 
5.978467468297904 2.0 0.0 
32.030945023499186 2.0 0.2464337754482202 
7.040588911985575 2.0 0.5244413915562334 
2.0 2.0 0.021976260237367873 
2.0 2.0 0.9360456132861681 
19.236018077724566 2.0 0.5 
6.970920475233168 2.0 0.5094648141960344 
7.46252295577084 2.0 0.9080268878682178 
2.0 2.0 0.44903766959917885 
4.3024880012349165 2.0 0.0 
2.0 2.0 0.7105014727343614 
9.491367608193682 2.0 0.7464273350854455 
9.62717173725401 2.0 0.4822107113493902 
4.706361311684569 2.0 0.0 
3.354879722981445 2.313662129710958 0.555731476742446 
13.778299010786895 2.0 1.0 
2.0 2.0 0.15213932865381385 
4.724804461824384 2.0 0.36439459598863744 
2.7503359136610124 2.0 0.0 
11.926485584758616 2.0 1.0 
2.8196453036766527 2.4641219351825074 0.5649861044159442 
7.565333518946747 2.001224782320472 0.8715055251394206 
9.026319734473889 3.223808838926968 0.0 
4.984621007305763 2.0 0.6929102123310995 
4.125450035714298 2.0024827402480763 0.5936162138658014 
12.547210576130915 2.0 0.5645075106176909 
6.925822636169851 2.381369704550455 0.8085434741100215 
16.54289461423833 2.0 0.8122450028293229 
2.0 2.0 0.5249171819306319 
2.0 2.0 0.23996614411496164 
12.534188175066951 2.0083731345797546 0.8773470816536735 
5.091160295144924 2.0 0.274736275943947 
4.290134168504896 2.2447824091225357 0.2169694131281898 
25.05077656059715 2.0476360941624083 0.6576753365566554 
3.100426522803856 2.0 0.36201246092018874 
2.9731932892650086 2.410187293995336 0.12384180144105414 
4.057900854068292 2.0047507485568583 0.37541847232205283 
7.674643141499735 2.086350313001894 0.5 
2.8993890731319385 2.060829270614726 0.3303324208400602 
10.050565490872781 2.0 0.0 
8.29235791562543 2.854978937449879 0.0 
2.0 2.9942888938497614 0.09947487076915684 
8.861959388089362 2.0 0.9149224876106412 
9.586595386314132 2.0711586953746624 0.5677995626794763 
6.979450837651637 2.0204081920447305 0.22205814421940873 
2.0 6.161758959104777 0.36880346016338167 
13.35854321621123 2.0 0.0 
2.0 2.000250961735109 0.5418489762521139 
11.062225767865236 3.2391898260357377 0.0 
2.612778381950256 2.0 0.6294422797241388 
5.152091021805642 2.3870802526404264 0.871416661036827 
3.765344401212638 2.012361256365859 0.9901682131447311 
9.207163060658434 2.0 0.4274963927470664 
3.440978317009023 2.0168847454117254 0.43310057281077774 
5.755772033740191 2.019314428172343 0.5979430819049671 
17.938058963733724 2.0 0.0 
3.092390747868046 2.007889717263017 0.8273040010779736 
5.129131264185312 2.0019803909465828 0.4957904954709592 
8.196528234270637 2.0359144251118173 0.6176329363356181 
2.932523871183991 3.3533861245270367 0.0032436834926715136 
3.4344616956661462 2.028579021057067 0.8940947182529753 
3.21317242935293 2.0029735282032695 0.5 
9.997533293832124 2.0151032470224477 0.9598399892238262 
2.051092252066734 6.842837903222554 0.11125008893040428 
2.0 2.0275366881089205 0.8656082809921881 
5.582461138953391 2.060730783463979 0.9650141243513038 
5.736669356838441 2.0 0.4318830575569431 
14.814064149081286 2.004142703466628 0.8007891723851467 
5.988810166989547 2.0 1.0 
3.6526104140955207 2.0079456531998794 0.258354835892776 
4.122911925546393 2.5981989875344 0.1628209266609863 
2.429980694916623 3.6807433877899225 0.22554234149561525 
2.0 3.2885489979715077 0.16045134032420535 
3.0952569000214196 2.038660270809949 0.9472438423990431 
2.0 3.4899367435845283 0.008098151647168206 
3.7631205209754537 2.9496193690346164 0.28694919480948866 
6.9937411663135185 2.0 1.0 
3.1265697339604652 2.6884653375883665 0.13008149626530033 
5.607622079219607 3.15025451198958 0.0 
9.718502086472178 2.7800069589352967 0.0 
19.068830334694393 2.0 1.0 
19.63186456770586 2.0 1.0 
6.58712867285481 2.0 0.0 
2.0 2.5568764663091863 0.33515317174543613 
10.83948842260852 2.106627545931284 0.0 
6.779168650173329 2.076352089587444 0.29496287794116094 
36.378978086192404 2.0210835682907815 0.0 
2.8648321337484655 2.0080598690551574 0.20759803721515147 
2.0 8.5322012782893 0.293336870464345 
2.792459026495079 4.975644153614232 0.1414008762326517 
18.748747675062994 2.865654452305701 0.0 
