45.74418104473348 2.7606767303543727 0.143991202349131 
24.36048715839854 2.855070407052648 0.17016990958854733 
2.0 3.120452919548991 0.243769872468576 
3.566722188532976 2.0 0.10025260179330397 
2.22746725589607 3.0587354770021875 0.2694404841070853 
2.0 2.0 0.0 
2.0 2.768069531094269 6.788399837018247E-4 
4.6791900611625525 2.0 0.0 
11.346501471092779 2.0 0.0 
2.0 2.0 0.013794102324880403 
2.0 6.280271976473418 0.0 
2.0 8.792221217254216 0.0 
2.0 4.3319521424647816 0.3852198092259778 
2.0 10.35243241909946 0.0 
4.308754818841529 2.0 0.0 
2.0 4.486123617917609 0.6089202131965068 
2.0 5.849262618844133 0.028621417168027574 
2.5157487981748554 2.0 0.0 
26.091501809016975 2.0 0.0 
2.0 3.5011019597689694 0.5716383576065663 
2.0 3.50679959266946 0.2958064775345938 
2.0 2.68457997463551 0.6191625641660665 
11.07280851369624 2.6964570737946643 0.0 
2.0 3.1013303156084344 0.9230122220543022 
37.75413383841247 4.274792225009983 0.33148038777333055 
2.185671920514439 3.2654911220181404 0.5866100081721021 
2.3342452572998824 2.618126840141878 0.5306029798701708 
2.0 4.758413341632484 0.2889601467717261 
15.603238103322552 2.6554140621041746 0.546573397577301 
12.099224399173426 3.318604115526013 0.0599093328486678 
2.0 3.360195000659181 1.0 
2.0 3.880867071227936 0.5169030029107266 
3.4576820065449345 3.833585404321914 0.3005882445535306 
2.0 3.60515028712406 0.8160272361142368 
2.0 2.90210029162031 0.3882669315020942 
12.290093199062273 2.510260626715859 0.8720707817359881 
2.2765741585055563 2.8520753460325743 0.15845824826024518 
3.5349874874446234 3.0720444098825332 0.21463935723210936 
8.155401411308834 2.819088604667765 0.08636101738079682 
5.48255445214516 2.991998398648711 0.5 
2.9352632183025715 2.131400059047358 0.08826492696382447 
2.3902645768572888 3.4033376289963897 0.6733098675365752 
3.042489375785165 2.9886802090961027 0.6756004840613117 
2.0 3.5779762803532016 0.7155928821284012 
5.227925395147891 2.8325433356270553 0.6914333196040099 
2.0 3.8099702103483297 0.7810384595678739 
9.945930187499851 2.5432330631856503 0.6693957304554354 
2.508684253090709 3.181396978929995 0.5736290423834054 
6.905745317170731 2.7441534359435176 0.0 
2.7985231066302547 3.57673813081575 0.5758785918802569 
8.27754715450642 3.3995407446940398 0.46259072077929475 
2.566850062806373 2.96197601468354 1.0 
8.016633199501017 3.333171659505888 0.0 
5.623951757194716 2.5865800019536778 0.9770387409211171 
5.87946194998296 2.8857402728702226 0.7756745975285364 
9.152093889498826 2.669860644880146 0.0 
