2.0 2.0 0.011062294522402871 
2.0 2.0 0.10258021783249693 
2.0 2.0 0.0 
5.352658675999024 2.0 0.0 
2.0 3.2304575959842508 0.5590768700868887 
15.889141476750837 3.091376831152308 0.0 
2.002710283392252 4.211134145595825 0.29615413340615016 
2.0 3.5654370350131126 0.35001203061208397 
2.0 2.507620908449466 0.05 
2.063446511669305 4.620718148004851 0.0 
40.112177167811666 4.214191446319562 0.018649807057967288 
2.087754342835971 2.6380394172456607 0.7210322902476969 
2.0 5.681705716778309 0.509190922770407 
2.0 3.40057847639509 0.0 
2.1752456331009165 3.2741662464221952 0.82815060024711 
2.0 3.230286876433797 0.35803366313463203 
2.0 2.5977366486491524 0.16706090461498194 
2.0 2.0 0.1513453289100104 
2.381022441345012 2.9903390575281477 0.2495193555013149 
8.036872933466583 3.292810692750307 0.0 
2.2664628041273467 4.088665361271182 0.0 
45.22729726960498 3.407018453626841 0.320061692078496 
2.2016496514062607 2.8607073658164337 0.6835838548271083 
2.0 2.9333644876883804 0.5668667448642782 
2.103676285541385 2.5227926877563105 0.5 
2.004893309612958 2.843770949463482 0.6421911626955867 
2.1332014593134825 2.531290420317539 0.45741650109122584 
9.37798559720721 2.0 0.0 
2.0 2.8532696299458595 1.0 
2.0 3.188569940157965 0.8041646096040783 
2.0 3.3182880793278544 0.40589582234266597 
2.0514404824691863 2.6634087080110493 0.935454572134735 
2.0731852231198147 5.95 0.17314094720064466 
2.1025419398460494 3.302085314033886 0.6057483083727703 
6.01576600697263 2.0 0.0 
2.083195898237162 2.6051979897667144 0.4230346764855155 
6.595483981590343 2.0 0.0 
2.0968212250262814 2.575792749241229 0.7619302477335306 
12.221434095798118 3.305301019855024 0.0 
24.208642797047283 2.771849580134706 0.0 
21.22438419938363 2.517296541555152 0.0 
8.287003231634223 2.0 0.0 
2.0721147527609234 2.538815905366531 0.30105736726442606 
2.0003798734876175 3.053193927668076 0.95 
17.239579030514477 2.8651206192918774 0.0 
2.0 4.008661337698529 0.38913110173855 
2.1588251212189964 2.915494425830143 0.8977710693007244 
2.624863940163195 2.7547701911639413 0.0029799337008732125 
3.4289867466000397 3.0654274336803686 0.13137005429085713 
2.3712800985570275 3.681334121577513 0.11199975554737795 
4.671972522442326 3.1994434088675545 0.0 
2.240158110691914 3.3951206742055096 0.22267251044722552 
