42.44566722141114 2.907827471265259 0.8023414631545752 
2.0 2.0 0.0 
21.741198427039976 2.5433761401618256 0.0 
41.078514276112806 4.248685263083992 0.8144429497076686 
8.05 2.31695278101256 0.0 
2.0 4.670842341690156 0.0 
2.050056117696559 2.0 5.506703221526549E-4 
7.030764257659987 2.0 0.0 
2.0 3.4226292871807957 0.1854473187053684 
2.0 2.0 0.1561260363759378 
6.158144637983098 2.4802383343084307 0.0 
8.119208658839582 2.711304189239135 0.0 
2.0772088851898074 3.2971273049569225 0.85839420751033 
2.0 3.097300393943169 0.3595127473131128 
2.0134292976382993 3.2739362645426198 0.5817853743592621 
2.0523828016580077 3.415005557163095 0.7030790628716723 
2.0472360474378495 2.0 0.10513791646158466 
2.0 2.507511122754348 0.9902217660493864 
9.034831755896118 2.0 0.0 
2.0 2.5355060674585275 0.5081311877456954 
2.0 2.7712792973985216 0.5622108431631385 
2.0 2.618495702660415 0.9594210778964981 
3.111151693247116 2.674388269678259 0.16743750842573346 
4.7907563202960475 2.0 0.0 
2.0 2.97529557063379 0.41655238668842953 
2.0 3.3996362356077023 0.823795262461555 
2.0 3.2386104146226016 0.0 
2.2466387078876338 3.4017438715236503 0.9055217506440447 
2.0 3.005493556857334 0.8802771696995606 
2.0 2.7622847043807277 0.3114229899949983 
2.614905301951056 2.9030665818545076 0.033620900479262764 
2.0 3.798585047782853 0.3001636133616125 
2.0 3.1615642511583917 0.7133400303461178 
2.0 3.2328249362862698 0.4717287532425075 
2.0 3.6877966851214756 0.3740825982737646 
2.0 2.8030728756856584 0.6012832949531011 
2.234671456535162 3.070702103630028 0.7813760472772786 
2.0 3.8985861809249927 0.0 
2.009691345134775 2.514902829797726 0.24248265245099432 
2.0835883081822137 2.919330702879457 0.19163682201874788 
2.0627167203894703 5.513413547075388 0.19575618989244803 
2.399287135608753 3.9288537300740876 0.30394357346883744 
15.139102917954835 3.1279832561941316 0.0 
2.0 2.5186001335466934 0.6563673284392668 
2.117336504230153 2.7752396674351907 0.377890231614038 
2.0497814073228953 6.246050786740352 0.5 
2.0 3.1494150260833313 0.012129878991080534 
2.0348268049784766 4.342171628847994 0.10767774445286388 
5.398394929550889 2.773951775607368 0.0 
23.073806129005398 2.6459928281958396 0.0 
17.123281672011892 3.3358230138914498 0.0 
11.640970557409846 2.6135800001202454 0.0 
