48.54409647301834 3.1959223773205103 0.26720668679129034 
2.0 2.86675793964325 0.06637372286937865 
2.0 2.0 0.11007839475125447 
2.0 2.0 0.0 
2.0 3.428503875178197 0.0 
2.0 2.662173803177552 0.7807462525119401 
2.0 2.0 0.16117945667638267 
2.0 2.0 0.045044334155639715 
2.0 4.5016805753298375 0.0 
2.05745415378656 3.210700074621192 0.7180315389386038 
2.0 2.6585182415171595 0.19724813102090635 
2.0 2.6102069217607955 0.49130616310026 
2.0 3.3149447611914393 0.1850693131370375 
2.0 3.1193925438315313 1.0 
4.908836486054476 2.0 0.0 
2.0 2.811291771657896 0.5873219815628756 
2.0 2.5195118124627474 0.8186529341451884 
7.468102772038279 2.0 0.0 
2.0 2.70433821270723 0.8645239112790005 
41.466862349294566 4.230374914206859 0.018505351377934402 
2.0 2.717791993938457 0.9374780798352809 
2.0771927866440274 2.729752039763369 0.674734910685976 
2.0 2.5133219524549224 0.6898613124118584 
2.226950894041157 2.860249953575603 0.4139366114721019 
2.0 4.254872226699314 0.0 
11.673667202289101 3.0508601697562696 0.0 
8.271944009816345 2.0 0.0 
2.2065481903239066 2.8496818432594613 0.46749071454267227 
2.0 2.9515894680220027 0.305222963961169 
2.0 2.808522869821883 0.9546376545443848 
2.281108803700321 2.9675494984990927 0.3395984035129671 
2.0 6.3536569423532585 0.21816841597625047 
2.022324864189998 3.200581520137663 0.2571949460029946 
2.000503010170254 2.8396444214618106 0.5354567026861583 
2.0 2.9189124641005244 0.3910573658733286 
2.0 4.330359473961646 0.3884797102847357 
2.0 2.811608732041947 0.8273916368185548 
2.708591858872296 2.965932711788293 0.1024250741223036 
2.0 2.627357367561746 0.6172761829830363 
8.71999195883214 2.0 0.0 
2.4896069528062106 3.7614633799892023 0.26611954258622283 
2.0 3.8831044602413045 0.10143202161394238 
2.2942803036410755 6.1719536364588565 0.509297012140654 
2.4194322933605683 4.2025728484943015 0.35205403670718366 
5.828044145021385 2.0 0.0 
3.194853519107803 2.8463758748972765 0.12374426180083709 
16.99274305116015 2.8202782038903593 0.0 
8.30984071932309 2.8031270622419964 0.0 
21.654600302466655 2.658008247086671 0.0 
24.36660650003427 3.152647664552634 0.0 
5.213874046232531 3.2365108622630374 0.0 
14.99471033931287 3.1284217399062104 0.0 
