36.04626199803602 3.670145603149649 0.5 
2.0 2.0 0.0 
2.0 2.0 0.044919011588748226 
53.58549715749893 3.072196864078447 0.10104001211317515 
4.078592377083918 2.776892944035399 0.39956432124366625 
3.162096498486604 2.0 0.0 
4.442568998498224 2.0 0.028134523018499658 
4.93564683794442 2.0 0.1975536189574097 
2.8894022519785447 2.039788932514862 0.21574993439535886 
5.405204687772457 2.0 0.0 
7.2819883566394505 2.0 0.0 
6.324811148426862 2.039964941064428 0.18843349165582599 
26.98769044998713 6.0869528412067755 0.21302279440756738 
5.592136736030941 2.109253018401075 0.0 
2.0 2.0 0.920860130395686 
11.495650510009733 2.097046073955067 0.39116819481385534 
2.0 2.0 0.7204103834714342 
18.427925665744596 2.0 0.7751133143626885 
14.447129692608172 2.031044650978449 0.619108333652793 
9.476479059649837 2.0 0.5 
2.0 2.0 0.74022012992524 
3.197189386660658 2.1898307195100593 0.6781858685712585 
12.517854418156718 2.615352653471845 0.0 
3.112223357940736 2.015599158804584 0.3044475095002662 
2.0 2.0 0.7772444789352855 
11.740071201159896 2.0 0.5193436406489391 
3.356267857268924 2.014812463882551 0.12146038691645324 
3.480605278384852 2.0 0.4847954520198604 
2.454456923370932 2.0 0.8395211875028304 
8.24230659190595 2.0 0.36617198368149956 
4.071056809255371 2.10006401320617 0.8696912037941721 
18.0614846026183 2.018386777347836 0.5237921520003753 
5.582115176090294 2.172098987460968 0.6866776245831291 
4.0410104204171455 2.223630004606741 0.2605095683629419 
7.051197679031835 2.813082829087344 0.0 
2.869259294598846 2.0 0.07683154262800573 
10.394665974553826 2.0680747096035033 0.6288013578429382 
15.277504671429469 2.0277616711832556 0.4761622993576969 
6.395597781944735 2.1638172356986787 0.7817214907545488 
10.563560596863534 2.0 0.0 
10.765584919059918 2.9369529014360194 0.0 
10.694475786804148 2.1565347067598215 0.8816521603668654 
3.0567385273099266 3.1994629457409114 0.6701022578632633 
3.0044889906419106 2.071895820934059 0.9048749700228471 
13.482083140496531 2.1493902628303077 0.9631325683233721 
2.6737003304871587 2.0000919172155074 0.8212582482834525 
22.90288407957754 2.246365278958216 1.0 
3.4928567624090445 2.755011655532024 0.816825486722174 
13.689749534315059 2.2964421256941616 1.0 
7.280564335599309 2.1942157619076808 0.23801343709970518 
2.6243317050262713 2.0040216839988663 0.7246441631965865 
11.162594445087866 2.097151646477418 1.0 
2.5435062679973135 2.0804936910891905 0.6566917395831765 
3.1687499303951405 2.5888823959946907 0.591236275257353 
2.0 2.9944076173568916 0.8685336551367484 
6.366127968937638 2.2679387994211258 0.8552313410381205 
2.0 2.7335485742123002 0.02868155838634394 
5.3106785214708845 2.5022431730077987 0.9301492406407041 
4.347379979290736 2.003777086572674 0.8215583367312855 
3.040842893226822 2.8875320036455014 0.7456382881629723 
