2.0 2.0 0.5283709370554812 
2.0 2.0 0.5512742913705116 
31.62739116208831 2.0 0.501974417364638 
9.908351746992437 2.0 0.9927589457231032 
2.0 2.0 0.17538226819745806 
11.36942144535429 2.0 0.2792723747662693 
2.0 2.0 0.3222862911941971 
2.0 2.0 0.0 
8.94222708372763 2.3333307263366923 0.3603341613168015 
2.2809178170754185 9.128899260225388 0.2420110660746119 
14.737576093258783 2.0 0.7927037568124338 
3.476454759389788 2.2118914365089584 0.3109886935063966 
5.775721515622351 2.6391295717936836 0.0 
2.0 2.0 0.002191078000540747 
2.0 2.0 0.4530912284133684 
2.0 3.2523807306231665 0.08678568447173385 
6.607945986730574 2.0 0.5014448461167952 
2.0 2.0 1.0 
3.454821082150107 2.0 0.1570069537742918 
4.57394735355969 2.0 0.45466410257734563 
3.348721660174101 2.2878695592957827 0.5079617151005873 
9.70156180024719 2.0 0.0 
8.1297048124217 2.0 0.829787636934374 
3.482863471323185 2.0 0.9583121395389899 
4.142997375474082 2.256051046854912 0.34543077803432615 
6.69015511170626 2.0867263990561966 0.5867856844717338 
7.505762980644704 2.9073611370273587 0.0 
4.996989157589961 2.0 0.0 
17.357922052274056 2.0 0.7840915777700234 
8.081698905764425 2.0 0.46687514456479784 
3.7809730037599616 2.0 0.0 
2.6173796427067892 2.5276401530123502 0.11203024604576156 
9.015064263712683 2.0 0.8964476432093317 
26.05482571382869 2.3910319168837186 0.9032384396438322 
4.636261019083173 2.0 0.9701547612292196 
10.562710845591026 3.396478290438157 0.0 
5.953625394817524 2.015880090614906 0.3964476432093317 
6.2767071816795035 2.0 1.0 
9.655858018824897 2.205993133804661 0.5 
12.558862851333005 2.0 0.9418035689884278 
3.0097020830319785 2.006873222290089 0.5408318423264193 
5.689282270583796 2.0 0.9323374279051371 
12.549953880364193 2.0 0.0 
12.48247840088277 2.0 1.0 
13.735761025460885 2.0 1.0 
36.61082350639481 2.3618641906367475 0.0 
2.0 3.32646235508661 0.04684769968378097 
2.7094990388485183 2.0 0.0 
2.983580303480433 2.0 0.7322672700870306 
3.6076901508916706 2.0 0.3685929387715516 
3.5800968900617876 2.215922745737343 0.5892024117432444 
7.687158865136739 2.0315582385780364 0.3241620014846155 
7.205604276221117 2.0 1.0 
2.0 3.2633688749147303 0.3269749438886059 
2.0 2.210441127570846 0.2295471471363545 
2.0 2.0 0.95 
13.455168391874809 2.0074227203501187 0.5 
2.852380655216144 2.0775688401279626 0.14049107208978862 
2.6052234545526836 2.320172521715402 0.5963468562173709 
4.824990108060076 2.0435121671396277 0.7359004707679111 
2.0 2.526006338265801 0.18483217175745914 
8.191881556355693 2.0 0.7295471471363545 
4.1173552338634005 2.001565394263648 0.26388252455729666 
9.86449417864435 2.7629260377807845 0.0 
18.878913067483083 2.0 0.5 
5.843295456301005 2.0 0.0 
9.497262248844415 2.0003923322994517 0.7148856811642483 
4.817755726855541 2.4661849525317754 0.2867929416067109 
3.461744592629039 2.414677326289383 0.4325944331279721 
6.723893498449704 2.0013270410519293 0.8942410631766256 
4.368629585948225 2.0000008696015517 1.0 
7.944383469206301 2.2731744346027805 0.6871294957034246 
12.638532829986096 2.7768800440076973 0.0 
3.085474475210493 2.0459580509642303 0.3527815936437966 
2.0 2.4897086836796203 0.18410766176109794 
7.138601316481336 2.4356721859241954 0.0 
2.3463701748227073 2.3837769207235664 0.7094736967623014 
7.4282945193901995 2.0003417332311253 0.7885734232253627 
6.020559972607993 2.0 0.6184489845770612 
2.7966829165553397 2.5282568446463998 0.1340019133298805 
5.063505133926681 2.0 0.3298445393783385 
5.4109413390865875 2.0997076988057493 0.8311161336884234 
2.756237100392492 2.35058626987515 0.6378323453632856 
6.8129962472295755 2.391360915153525 0.27832591654733313 
3.5533508067925856 2.9902953900951075 0.26048526364875607 
2.9043848639705825 2.0348808016008655 0.8830050449204726 
18.405888209091977 2.1163032414033762 0.0 
9.894502314572962 2.09481949800771 0.41042712857488084 
19.295276487316308 2.0 1.0 
19.99585723543704 2.0 0.9951739115614953 
11.138611307836344 2.0 0.0 
2.871188736141066 2.0 0.20916166615086929 
20.337759927402644 2.7656495020025353 0.0 
2.929038715175288 2.1389407802088494 0.8180616370944691 
4.227184785668193 2.0323892265572887 0.24190078596300452 
9.4377265476219 3.231181713278853 0.0 
2.0 3.870897696070866 0.232743740622526 
2.1772569708402707 7.496600994004628 0.0033827525125210466 
3.2971759398577456 4.290361019971926 0.21809103659626503 
2.0 2.0253512222183376 0.8637801235637785 
