27.093755477461936 6.382899134218206 0.38055341653882047 
2.0 2.0 0.0 
2.520804826786882 2.0 0.3273435768127595 
2.0 2.0 0.8436942783063063 
2.914639744982428 2.0 0.0 
5.596356054320326 2.0 0.0 
6.525902482112854 2.0 0.0 
5.729690157831372 2.0432993951572342 0.7725541954755255 
11.783192726195988 2.0141419912065768 0.5 
2.0 2.0 0.9141206173107352 
8.057658440603571 2.0 0.3442911306335665 
5.419219300955105 2.389443357732578 0.0 
3.5197877357650964 2.0 0.03272386981924171 
2.395851967323039 2.0 0.7661457800617342 
59.678374922123524 2.9365985451039247 0.27056507024750737 
4.236046804148598 2.978753655879947 0.3931174225959129 
4.134529948065963 2.0 0.28075919213432016 
2.0392709620007454 3.1840715218463562 0.8332867383145431 
2.0 2.0 0.042417926126934985 
6.141429349632874 2.0 0.19535893388053183 
7.149237394749292 3.277074768893563 0.0 
2.0 2.0 0.7163604961229078 
15.259023135839227 2.0657918636871426 0.5 
4.185791411795602 2.0 0.7626791685940542 
10.544921819026419 2.2041630061165973 0.0 
2.843334658166164 2.052657595349627 0.7485992540324544 
2.0 2.5189666573686136 0.008837536529881063 
36.196923707181185 4.386468378041096 0.16435513882406055 
6.627903672319773 2.0 0.1987976175099927 
13.554344502652228 2.0 0.9549045043514236 
8.660091349053157 2.0 0.5 
4.426831690965837 2.0 0.8197339810430274 
3.356159014073465 2.733822900907822 0.7815267478341191 
10.585416824195619 2.074077668625281 0.30167548848753145 
2.7068558123223374 2.0 0.48295504783866294 
3.469033867108383 2.0962710443227905 0.8290705539512531 
4.67339941304226 2.2784081711973103 0.21971492544309892 
2.9799551946515663 2.0 0.1973559935036947 
2.558931538601657 2.069223802920353 0.7997312158404305 
2.660886796983094 2.0671821110086004 0.7090760016137908 
10.89345243307773 2.0 1.0 
2.9875450913142907 2.0220778624175164 0.08957788807743752 
2.9425657439113233 2.0 0.12737529294357564 
13.754777207605011 2.0 0.5361288898906424 
23.363149459001686 2.0 1.0 
22.686764581262956 2.8947054228331677 0.0 
2.2504929163453005 2.0 0.7378338468490333 
10.55320838806607 2.0021890094751806 0.8502973573648093 
17.35671707044262 2.247155378653939 0.71232206094727 
3.166352722997086 2.763457214481964 0.7221267563604192 
17.94760928793191 2.0155300963310196 0.6603085346133979 
17.569779211164438 2.3398658629395963 0.8100667883979444 
11.056371249098305 2.874111433960503 0.0 
12.575012046704757 3.234810626538104 0.0 
5.732761669720827 2.0 0.6993102771427091 
6.053057991666408 2.37265935206864 0.8405071822904963 
3.971242066000773 2.0515884524933083 0.8565549411611462 
6.336437601613646 2.1322534121666883 0.9167207656260591 
9.56144388029258 2.159015185832154 0.7067459162111113 
13.008926487930147 2.0 0.9257109178130962 
5.328070553850552 2.799292615513443 0.883129900756681 
2.0 2.591792793863357 0.880140970505086 
