2.0380080229320576 2.751013591220161 0.9067639282552777 
2.3445845300647394 2.932964348585799 0.744126248395913 
2.0 2.0 0.0 
2.30056624478575 2.8137846197585623 0.5490692779645309 
48.35856731646303 3.4426405369008375 0.5373242778706944 
8.05 2.0 0.0 
2.0 9.078704397774183 0.0 
2.0 2.0 0.049069277964530866 
7.397110650919883 2.0 0.0 
2.0 2.732490041772138 0.0 
2.0 2.0 0.16676353655390586 
40.413114973140146 4.300784337635458 0.5680917065121464 
2.0 4.153568529325737 0.0 
2.0097714171729764 3.3924664599929386 0.8755748734711664 
3.0224347613367506 3.1770416391010112 0.021186552618104038 
8.810363261390876 2.0 0.0 
2.0 4.6011789416353555 0.0 
2.0023265479509362 3.448804103834435 0.37857021082299014 
2.0424495702676424 3.2651144796567677 0.05334204248468932 
2.0 5.678660576273158 0.18299909174641238 
5.171233356630442 2.0 0.0 
2.0 5.907461868422111 0.4860112642845107 
2.038611065021653 3.31074734676833 0.5 
5.725709395100049 2.0 0.0 
2.0 3.6334117677239086 0.26400953942471445 
11.985724305550564 2.54252541116364 0.0 
2.0 2.6585260404509006 0.6018754321618177 
2.0 2.518999583650778 0.37312718988332083 
2.0 2.6833052590687085 1.0 
24.361897178699554 2.9804210685987678 0.0 
2.373967245641297 3.96792410945471 0.3056443581234674 
2.0011517461867308 4.219563028301204 0.11749171387582061 
2.0 2.8715127725893055 0.9399939569501605 
2.0 3.4763177233700038 0.8018603057247072 
2.0 3.183461324241842 0.16505477911412691 
2.418753208455325 3.147867575478668 0.6986713997552737 
2.0031706142416774 2.576103485928863 0.5673378549971183 
2.0 3.4207586006529542 0.2055458980409659 
2.043641024419017 2.618536155332702 0.7649096971387973 
17.235876634023043 3.4702841228010604 0.0 
2.0 3.3722366737432425 0.6498115591410389 
2.0489158802846 2.6947613553519236 0.44022340964866924 
2.0 3.501870171450093 0.37239796834528094 
2.0 2.0 0.10962787871226837 
2.0 3.214964223634412 0.4801577152010482 
14.605593768481528 3.242109350220092 0.0 
2.6048507321825474 3.351226303173493 0.16419520900358087 
8.179255513733704 3.377438069228864 0.0 
2.0 2.6712157557479443 0.8544366019980777 
2.1910058323624626 3.3920379416622373 0.22618049130845744 
2.0 3.3674938285669023 0.32999829289632343 
20.880035033791124 3.4939028776040892 0.0 
