2.0 2.0 0.23463319483956438 
32.027599250946736 2.0 0.5957974725100607 
2.0 2.0 0.0 
2.0 2.0 0.17397845913280158 
2.0 2.0 1.0 
2.0 2.0 0.04948724695800033 
3.383791914883557 2.175372541463375 0.21012295991484936 
3.346142607338266 2.0 0.5548314746277674 
3.965402552347829 2.0 0.9942367594815599 
2.009114693011469 2.083652030930706 0.7290109973074488 
2.0 2.0 0.9383403271861858 
2.516528306322841 2.013023095309647 0.30916835257012876 
2.0 2.0 0.19334079774824642 
2.0155505754648795 2.0152277422449565 0.5114866523906685 
2.8564823725189323 2.0 0.6327300608697509 
2.8192788719197353 2.04226020480133 0.871288371810753 
8.06153059704162 2.18867917827665 0.46204608930328 
2.657711102513149 2.0 0.3551215244392686 
25.783646059719086 2.0 0.693147463594971 
2.5526496626321125 2.0033743475301073 0.9453712337651777 
19.46049764595642 2.0190405896842396 0.5 
2.0 2.7262828616725487 0.09997062616160385 
2.0 2.0 0.8802465172921103 
4.952800397182388 2.3302433368584476 0.4661705233583442 
8.38753913633013 2.186940839091929 0.39896633676254417 
2.0 3.225024991273677 0.17396585480462684 
17.141219511030375 2.0 0.6404606736768919 
4.02823171479287 2.128965599452509 0.2940524357551131 
3.6914060458998508 2.0168243539934085 0.39316055139684425 
3.5344616343945647 2.119549865414583 0.0 
3.2897999916451095 2.212403575933369 0.15018054395806024 
4.046709621488736 2.470934422403235 0.3077005131606725 
6.304455873640797 2.0 0.6253906367696096 
3.0296065138137362 2.0087413708322317 0.8153546974928025 
6.974669132477068 2.0 0.5324329851531449 
3.414726318277843 2.26204552031975 0.0 
8.541526810815643 2.384801671089778 0.7159815244357477 
2.488980126653161 5.95 0.41534972152858807 
4.907647677969392 2.3885247010853368 0.8537863936089802 
7.886929374141073 2.0 0.8039030071438178 
2.772529168706443 2.0436462105524917 0.5 
20.113998100268667 2.0 1.0 
5.133199661871085 2.0 0.0 
5.593129903552426 2.027093231305451 0.9104441479612799 
2.0 9.577920305676969 0.2966544128462302 
9.266932622952462 2.1030811333762798 0.8921441451134433 
2.0 2.0 0.4460065903969832 
5.825925327291525 2.0 0.0 
35.65825861417957 2.0 0.0 
9.871525352072286 2.042377883649777 0.5470911678150734 
4.749766753283744 2.0842609064592477 0.27036988847969556 
2.0 2.541548034293724 0.05 
3.8927246236307997 2.0167593260250976 0.2030549798486289 
6.612283405429184 2.0 0.0 
10.628662913341886 2.0 0.0 
7.330346286132659 2.0 1.0 
12.648425980469138 2.0153111685847365 0.5800067853472738 
2.0 9.458113373376648 0.302865302474532 
2.446110873034629 4.051356359043505 0.21194696367028393 
5.232099898463065 2.0 0.7449434889251332 
2.5668139428771806 2.3125099096919373 0.43908023139539276 
2.6013035523675008 3.1121167600956947 0.09215202293198733 
14.308349768990727 2.0 1.0 
4.044435915642436 2.751991168125008 0.24059854346261317 
8.879578858555224 2.0317433823293243 0.3854959924697886 
7.348753566716695 2.0694964131055027 0.9415411464399814 
12.719167242208215 2.007669597226969 0.9604384671078493 
9.58830772716351 2.0671654595909423 0.9435018932479644 
5.540484422270794 2.0227734222549616 0.4211264344862679 
7.678674660274389 2.3032906611634703 0.6859807455319887 
12.37940476184352 2.007355297408381 0.9518622250108226 
18.57279856154151 2.2522147255752487 0.9760735362826327 
5.565513308766474 2.0 1.0 
7.286769654673076 2.481863355941262 0.44139920608121774 
4.951852373103341 2.0046387300460657 0.3229450853759712 
18.151315619373534 2.0 0.0 
6.88812098837829 2.0067141582932932 0.8642825901879501 
19.118536086487296 2.6318928542141773 0.0 
4.209305890925614 2.8033436760510435 0.17461923826299053 
7.984870553111255 2.3549905246296547 0.8633763454044225 
14.803076819137296 2.141675202307352 0.73491027000322 
10.046726637976326 3.141705614413538 0.0 
3.6389773631969273 2.0159194164607848 0.5648552408608152 
2.0 2.0 0.5523858603667684 
7.899143177835251 2.94501021237346 0.0 
8.7944887102589 3.00126150244307 0.0 
9.893157388210088 2.0 0.0 
2.5500172181215106 2.0 0.5935345598425111 
6.537173193504483 2.0 0.21169534999621287 
2.6850304570273305 3.1865407222164976 0.3343137046015915 
13.213786692328744 3.232453449615563 0.0 
5.172494646249401 2.0074408277997464 0.19538818685722958 
10.365662882772314 2.311444805966604 0.46779850079255003 
12.634970934469418 2.2075431947147734 0.0 
5.967219189184545 3.4005041101768523 0.0 
2.6437954183202343 2.280183798861083 0.7360742358426577 
5.229851538925786 2.0497769820408736 0.9531326874011324 
2.655953356015071 5.094153737095592 0.12190980675390503 
11.184824676269795 2.6611616548501256 0.0 
2.150353429266123 6.721192099256235 0.08636275767464952 
