2.0 2.0 0.0 
2.0 3.6282482433580547 0.3731962450144407 
2.0 4.734197700675139 0.0 
18.37408913352283 2.0 0.0 
2.0 4.234090313652014 0.13528110508287003 
2.0 2.0 0.0358494842173617 
2.0 3.24827734370995 0.0 
7.4669270971004105 2.0 0.0 
5.295463602613113 2.0 0.0 
39.77854492249379 4.4414775662339405 0.6009275059309582 
13.806004737555071 2.0 0.0 
43.127183253976625 2.891739063335189 0.5254013360411204 
2.0 2.912359862789346 0.6547611552366883 
2.0 3.244050981654004 0.03060799217072574 
2.0 4.269961129508305 0.0 
2.0180167864942717 2.6670806719101625 0.4697277956073657 
2.0 3.311340005067652 0.7105234790741668 
2.0 2.7719492105643155 0.812207043509738 
2.0 3.2404095470696594 0.5 
2.2043451111308565 2.6738777383469103 0.615860925773792 
2.0 2.536319658996959 1.0 
2.3036325645358535 2.6603716885272592 0.1959874492789042 
2.0 3.4954713893040488 0.7524343524887925 
2.0 3.1555679389672866 0.43416564009005 
2.0 6.296160917649787 0.5 
2.0 2.0 0.11334592050740677 
2.532542184516033 2.969916539595765 0.05159517647885381 
2.0 2.883113756720686 0.5283173888890137 
11.960909134328393 2.579905029137277 0.0 
2.0 3.1292517915594766 0.942980691004426 
7.649013389739176 2.0408207084218484 0.0 
8.723423123257977 2.0472468476370906 0.0 
2.0 3.0688490313364998 0.5654198937765705 
2.0158713140727613 3.802248726320001 0.28634923116641897 
2.496506666196739 2.109383114692059 0.16889629429781122 
2.0 4.174366852935441 0.3472448666711784 
2.0 2.772578846030189 0.25659793450111545 
2.1759608818050697 3.3687965182609654 0.17421429110865372 
5.936493550181545 2.124158192364242 0.0 
2.0 2.955605060534128 0.7432531865555333 
2.158403040973509 3.084075199449585 0.3399160361751005 
2.0936185582307196 3.367125291804112 0.31238717950068084 
2.0084834683911117 2.8921261281137727 0.9143006004613408 
2.0 3.291487906841938 0.8351592355323268 
2.1626032586376818 3.4339079348637487 0.38883232842449117 
2.0 3.131823818458289 0.9001407065503946 
3.0413930729692913 2.559359284208401 0.15075383950413143 
22.681239755756188 2.982684365988478 0.0 
10.936471960881818 2.6482124593637026 0.0 
17.068673309753546 2.7246596125018954 0.0 
8.68709080956345 2.7634796311051404 0.0 
20.741974746411962 2.841142813372558 0.0 
2.0075102570367878 5.823410604156166 0.2068419736397521 
9.999898060438191 2.5114616351384234 0.0 
15.339056443411788 2.9566479105672157 0.0 
4.730604920632512 2.886026065593821 0.0 
