49.13293424276336 2.954553839989061 0.5486338962271948 
2.0 2.8676769873490047 0.5416620261279067 
2.0 3.4140379294678955 0.7509883537582336 
2.0 2.521576093308304 0.5967108285186915 
2.188814401292821 3.0533373166210227 0.6036564030702002 
2.0 2.598982186169219 0.8403714460630396 
2.0 2.668488150772779 0.9466452474947294 
2.0 3.768148840442985 0.0 
2.0 2.0 0.0 
2.470346885357338 2.7505489624034616 0.6601157478953597 
2.0000094628895564 2.7321387076522092 0.9129137227253565 
2.0 2.0 0.021603091968580013 
39.64417517358764 3.655657479652383 0.6948129710798379 
2.441306525808689 2.533065254799741 0.7457845825128581 
2.068071829038516 2.9402265830207126 0.4736545828298596 
2.0000052903811194 2.7333237070148595 0.8649645211321413 
4.7220618132057695 2.0 0.0 
2.010849812087538 2.8151729954899745 0.5 
2.0741484078921286 2.9138775876532015 0.44481493005366946 
2.0002748409756705 3.116025336323345 0.3153900130987851 
2.0 4.573763875144474 0.0 
2.0 2.9341592624365624 0.3771719051446708 
2.0 4.00850466311708 0.351208258373234 
2.0 3.4763342080687862 0.24307138234476938 
2.0 3.279902054610955 0.8243805789028623 
2.312269272160371 2.8571779150203214 0.9820786077632333 
2.0 2.0 0.12579790066902868 
2.0 5.607828524545093 0.5 
2.134683546270749 5.61377884915847 0.16252981776024622 
2.0 2.823194225771491 0.3389273734958102 
2.0 2.0 0.16280942643649576 
2.4153223535803603 2.70996611684139 0.6801173637824108 
2.0 2.5859989088218116 0.02985237406398905 
2.1632807306867217 3.853517432638312 0.26251391682074704 
2.4101415151625756 3.740652818981151 0.1192235956368682 
2.0 2.6312248054999983 0.0 
8.192475548721376 2.0 0.0 
8.80406866474161 2.3008520043487772 0.0 
2.5069065060637334 2.8268169588330365 0.03950668044806773 
8.172055498023441 2.5175240183026446 0.0 
2.0523215002132638 2.6916041168518534 0.1554854198843065 
14.885228534037026 2.5868959374844964 0.0 
2.1535863828925286 2.5852978344704405 0.196204193596016 
6.478246928686748 2.0 0.0 
17.289445782320236 3.0995467058467976 0.0 
7.187404862655061 2.0 0.0 
2.741434039323832 2.7504696716654364 0.1529281254795673 
5.420675891676168 2.8946296685215733 0.0 
2.4831042678093995 3.5332453777835235 0.36122574919896433 
22.131087672339145 3.0212599941007703 0.0 
11.979178712730693 2.820746264238011 0.0 
