2.0 2.0 0.5433008395148605 
2.0 2.0 0.9479476089581484 
34.12906445245957 2.0 0.5860997562641065 
2.0 2.0 0.11047658906199731 
2.0 2.0 0.0 
2.0 8.606300798768913 0.28650766535885974 
2.0 2.0 0.3083370634851547 
2.0 2.0 1.0 
2.0 2.0 0.04552814242491965 
7.962914931791701 2.0 0.5 
3.2932131735615395 2.0 0.584938225654861 
2.978198984327849 2.0101460552082613 0.22496314525582317 
2.0 2.0 0.866372614778797 
2.0 2.0 0.45050955358363565 
3.3199384026122303 2.0 0.7185129825835616 
3.3618485886792984 2.0238740562969104 0.0 
2.0 2.0 0.18092064248217704 
18.080394724711255 2.0 0.0 
25.881558642987315 2.165695843279709 0.7022230959843239 
5.513731915684698 2.0 0.43802060095355744 
3.5656088049751125 2.8202991307497123 0.2968774892203959 
2.0 3.322864664123159 0.3372257429750049 
7.007923628586058 2.3818835507890395 0.5442991648258995 
2.0 2.0 0.24844996327859747 
2.0 2.0 0.5164875995416952 
5.814624586175739 2.0 1.0 
6.248726685853978 2.0423091300295315 0.6615902907411795 
2.7759243273719187 2.145868026100476 0.555043781889077 
12.270425496944519 2.0 1.0 
7.448618394271875 2.001413591055909 0.4577214344237745 
8.741049858413795 2.079198804702379 0.7060599049980236 
8.217294675835596 2.0 0.8032530316271602 
2.701223168409611 2.1546712327878805 0.5171889777758374 
9.183581504305595 2.0 0.9170702610338258 
2.888262107779585 2.0 0.6170636562354394 
2.621532227449004 2.028990233438307 0.9640262395888174 
7.870883435137201 2.0 0.805973568375048 
3.8687491090285326 2.088057238077512 0.38854564432598954 
4.566954518562794 2.0171479236944223 0.3686397627652284 
2.627470929969806 2.013755806759333 0.42715596804800476 
9.118339189833316 2.015357342553944 0.42142451572446227 
10.203048620141658 2.0 0.9423774875140347 
3.0745037000087834 2.0 0.12433369242749315 
4.863539346639029 2.0 0.7279332476091427 
3.4766805004252186 3.1710130309571882 0.09273255980649409 
4.641087329304431 2.0 0.49272050622763897 
19.051918981014833 2.0 1.0 
4.664642654668261 2.8482926268880377 0.061539537458055654 
37.01120625131662 2.0 0.0 
6.518057540977864 2.0 1.0 
7.299353816866267 2.070722866495165 0.25070558413818256 
3.2133173302199136 2.0724088254884574 0.7999241125829348 
3.578391191224312 2.3266488700365864 0.0 
7.747723786858404 2.237820800352098 0.32178046666141225 
2.0 3.0351857162331033 0.17096468741167153 
11.274104306743242 2.0011668384589933 0.3384975999768902 
10.125900507572842 2.0 0.43089836597185827 
2.585985472251024 2.1437542819398314 0.8929894060947379 
12.772428044945414 2.0061563365019768 0.5 
5.22907840728728 2.2320419122359345 0.31065444781265483 
4.489163983017171 2.0800014596979484 0.22428532990248634 
12.977574582652517 2.0084721223262565 0.0 
2.0 2.2386908068659097 0.7269110759393632 
2.854726550358425 2.0 0.36844384359825294 
9.641190942454015 2.043614784410063 0.5 
9.917159653601598 2.7607171548132827 0.0 
16.88170893328108 2.0 0.6886014396379443 
7.766231563636917 2.154936114167641 0.6733733273211575 
4.466157352002415 2.1764711890162403 0.28194245667795925 
4.374302766294202 2.0 1.0 
15.265041493049432 2.0146779348318677 0.895171663849562 
6.74232141401257 2.3892792498093387 0.0 
2.095321126179707 2.0 0.16506738735456183 
6.037172904093355 2.4836313301340214 0.0 
2.0 2.5386573565051376 0.03546348824672302 
3.6071556897793524 2.965297869200409 0.15513057649609263 
6.224344499489626 2.031176028662052 0.9152618933522658 
14.113961624849118 2.462552843096491 0.95 
12.570542788340589 2.0 0.8880033050765838 
9.64536828040445 2.0 0.0 
5.07457037289537 2.0 0.8181679101529218 
7.355198677493972 2.0 0.8031398385329281 
10.718305063314554 2.0825921997418733 0.0 
6.398573978349683 2.9629443656558463 0.0 
10.868574822134958 2.7410966301910147 0.0 
2.0 3.559235222795415 0.23477546051715048 
4.132891178546089 2.2114367236597583 0.3486875822778007 
20.38149781189786 3.293843177382421 0.0 
19.47042942516804 2.0010533827987516 0.5736896185532869 
6.508673552153706 2.009127317900486 0.9260147458980108 
4.2448447416943225 2.062396081375047 0.5776435200203462 
9.036862890582192 2.7425358177958024 0.0 
2.581962823481872 2.8840399923794404 0.3151152125107951 
4.863078200748384 2.0 0.0 
2.9289089607116514 2.375799840427823 0.3014208235061113 
2.6527821986534255 2.7538962819274153 0.14098782770682228 
13.22662717068647 2.686266441630543 0.0 
5.312880773045783 2.079052147326673 0.95 
19.6580072888707 2.0 1.0 
8.411596344633047 2.68402887120473 0.0 
