33.22832622911568 2.1613730153300614 0.3615463180956895 
2.0 2.0 0.5382132140468702 
2.0 2.0 1.0 
4.237127447330762 2.0943586879134295 0.33212461452021835 
2.0 2.0 0.4372097985423097 
19.285329732692418 2.0 0.5824319634220455 
39.968806568239955 2.0 0.0 
4.649023029983528 2.0028594122077297 0.8450849962072016 
2.7472959228006264 2.0 0.8062703661895523 
2.0 2.0 0.9360069614394859 
2.0265388881211988 2.0125484964299933 0.2356003452521943 
6.324091803900259 2.0 0.9928434822221408 
7.055071524254489 2.0136395984886817 1.0 
2.0 2.2710504236823517 0.19365735267046574 
2.0 2.0 0.0 
2.585123172433198 2.0 0.881740223304816 
12.699147472483578 2.0 0.95 
2.978568530215476 2.2080188575723256 0.95 
3.794596597192938 2.04436621223892 0.9811479217379638 
7.416753289158716 2.000613543494291 0.9201214562507604 
10.216866303570178 2.32987411564 0.8796152450349144 
13.5578178474088 2.1281457139967297 0.936115182981645 
2.0 2.0 0.021650055105864523 
19.213116372133303 2.0 1.0 
2.0 2.0 0.8687160280209938 
8.863794922818256 2.0 0.7649084333961367 
7.748478581717859 2.0 0.32905853983936756 
9.853690028028794 2.1215060238889163 0.5579394383874554 
12.89639703464358 2.0 0.5 
6.9946201655144655 2.0 0.5 
6.395216233887949 2.0702147132414326 0.6677249849013472 
10.487367247698716 2.0 0.4417713972140106 
4.60437210433805 2.3113689508800066 0.9428803467570429 
2.0 6.8490719081697655 0.03015174820054206 
7.613678690682549 2.0 0.8041950620795384 
3.153665758121997 2.0 0.4421780096526302 
8.311765402583001 2.386395446227648 0.4790231532945536 
8.23141516658415 2.4184588113886134 0.6285591492161353 
4.459190185533031 2.0 0.3852232999091886 
8.876820701037119 2.0 1.0 
7.446160703720026 2.0 0.8232461823568196 
7.062773830131754 2.0017305843914692 0.21466823305463367 
2.0 2.0 0.7104526266894018 
3.2041876111799787 2.0 0.5677644229774167 
4.580685213809879 2.110151208553748 0.34830100900819294 
2.0 9.714482450512584 0.33941305793682297 
5.769311414304698 2.1631578893150807 0.9078053517158219 
5.681779014199428 2.0 0.0 
2.0 2.0 0.5107832334990716 
9.535873962662032 2.716264212467285 0.0 
2.0 4.305049407818092 0.21805760305471455 
4.795466168332155 2.0 0.0 
11.742908689850802 2.0 1.0 
4.7633037068201824 2.0281837841128327 0.2730241333666266 
7.906347658805058 2.2200158480213212 0.8622780695797362 
19.927640344462205 2.0 0.9702994562280344 
2.8068777008702384 2.25431769742306 0.5 
2.0 2.650641314180563 0.31834524445883416 
5.052195627776894 2.1579699203625746 0.716381165921973 
2.569018599174183 2.0569217408809566 0.21496968462145397 
3.288402200119492 2.0 0.7320400673027575 
8.951364724697015 2.000861177127127 0.4256249495969663 
25.13485706995939 2.1893104022243124 0.6900592928904912 
3.230031488240867 2.0 0.6194460933630145 
2.9697332027873 2.0001146020973355 0.0 
5.2240758783979615 2.0 0.4412010874017497 
4.317595584258571 2.0 0.5796827067241006 
17.45431764488881 2.042219738418757 0.8136060680674089 
2.8615629599026917 2.0002563474072668 0.32408566619422996 
7.11887285114941 2.0006679485036485 0.5644856908495994 
6.164900589302177 2.002249658535858 0.42623506677625383 
4.4773682412251725 2.3210759718110574 0.21711656386008577 
3.0029230730279757 3.1139299959701767 0.08234018307369903 
7.614364173468871 2.8114388252374174 0.0 
2.0 3.3440774004855163 0.06173826028873225 
6.8861205138719646 2.0 0.0 
2.0 2.0 0.1579280764098001 
10.556341332548298 2.926470977735908 0.0 
12.94006480148596 2.8041674088080337 0.0 
3.1107969298234996 2.04235121191902 0.12462531597094056 
2.1389195717871976 5.746608894528391 0.44058817344143886 
2.7520874761096588 2.293859270770389 0.5557002268449075 
3.5985142688639984 2.0 0.0 
3.919631616216993 2.033055086986948 0.2784168127013308 
9.838769480894324 2.414980681762441 0.0 
5.863915496175632 2.7526682800985784 0.0 
4.002475725155995 3.1995949936861434 0.15827866219934386 
10.61767842564218 2.265060600786843 0.0 
14.96766767683144 2.0125212758164315 0.7822891333409175 
30.79426398275376 2.240940168197323 0.5664480962998362 
17.562557206323476 2.0 0.0 
2.936961815728599 2.8570107809275576 0.12864370212331144 
4.596126182199212 2.027077655846996 0.21069930213908983 
2.0 3.0555114121130615 0.08388814926253091 
2.9490607692609734 2.044747955943833 0.34687594182364345 
2.0 2.9134662551522013 0.175508262933054 
13.470437005920552 2.0 0.0 
18.876759805722273 2.7177995471708503 0.0 
2.7260670590059437 2.6110726195229685 0.3247967642191161 
