3.3770867533673483 3.289303284237176 0.9132411605663218 
2.0 3.427854134236931 0.9878065935811806 
46.495456477237525 3.445373830148604 0.45229557002889453 
3.415380581558509 3.236800098378854 0.8385051197066862 
2.0 4.275965532079851 0.7942452872624914 
2.0 2.7769196932236078 0.25785388686730326 
2.0 8.790187110304846 0.0 
2.4051066414459896 2.5539647402304566 0.2994712923810474 
2.0 4.37435321742708 0.6224666024973523 
11.001141858939569 2.737418506437871 0.0 
2.0 2.0 0.03422494214474914 
2.0 2.0 0.0 
2.5999776963969956 4.2532171898236015 0.545391673238082 
2.0 2.7560161062773316 0.535959914055923 
2.0 4.2969094414178945 0.5599905629079377 
2.0 2.536781501266623 0.619088091372809 
2.0 3.5762212420834594 0.7203634107889516 
3.3487613254676463 4.239559851196611 0.27158947774641856 
2.0 4.264635089547038 0.5097573099842798 
4.12758214214913 2.0 0.0 
4.771267498726563 3.360412761942505 0.5042787184506178 
24.520627290281006 2.0 0.0 
2.0 9.803817406997183 0.0 
3.5092930327407608 3.3470992336648457 0.16760188593496783 
7.683332382788865 3.44481539109787 0.25393724553428604 
2.051965659140058 3.470273976413356 0.03180688679202762 
2.0 6.189840546303389 0.0 
11.491656916016348 2.0 0.0 
2.0 3.810650218125127 0.8484869671965392 
2.0 3.3907004658797755 0.17896865821031477 
2.002701571126829 2.5857629761807868 0.3862596853473661 
3.3298360715416986 2.1412881092141243 0.0 
2.0 3.555237362225599 0.36820076704064236 
4.639038940467221 2.0 0.0 
11.754370560804178 2.782878996680308 0.3791416858359873 
2.2384280172266693 3.291378453335697 0.6450730468025594 
4.294747908161866 2.1502287668434645 0.05627400639055735 
37.41957763789826 4.161371704496677 0.5751635131912802 
2.0 4.418604554149027 0.26430647530155826 
15.58394682052117 3.149641945493262 0.3561251869945719 
2.4148426710228055 6.464123982207904 1.0364811000896984E-5 
24.345688374705514 2.991961630015322 0.42724932361795387 
6.247082382093107 2.537721369339283 0.0 
2.7319384055705376 2.14016684824662 0.08917362083406166 
2.0 3.706885974504507 0.6890486685125959 
2.03813617157217 3.410566537899691 0.9207160965906289 
5.56012595747867 2.8283266660276722 0.68802135978449 
5.266134716512674 2.6495484857055884 0.6323809989470656 
3.467230454492348 3.228729019891288 0.8848955277350071 
10.384693181074553 2.922545082698896 0.5648370694039027 
8.05 2.929643728173122 0.5747089112546887 
2.0 4.521283799616878 0.2829863374244935 
5.124800395056161 2.573954033836715 0.7420241874451724 
2.5498042806064447 2.686290451027625 1.0 
2.834265022834848 2.9011329661426513 0.7056297233967216 
9.151979805436142 3.0755409274435026 0.0 
