2.0 3.369566650829725 1.0 
2.0 3.3578793247772474 0.8922146723422817 
42.50876411482554 2.793538289423691 0.6777571329185408 
2.0 2.598409419054307 0.17224618365230152 
36.16841096560158 4.222106730986908 0.9789416598957454 
2.0 2.0 0.0 
2.0 2.9874255504069596 0.0 
2.196139189892607 2.611717892417948 0.6215064099029559 
2.3787045070428365 3.1477097195296757 0.6722461836523015 
2.0 2.0 0.1679453770393886 
2.154603922968935 3.091762247823873 0.257215994990831 
2.0 2.5780526608268417 0.18950132875265768 
2.0 3.169268951085517 0.7008205482844099 
2.0 3.6569724193551267 0.3974801436291163 
2.076127252895252 2.5056042417387494 0.060538538600940744 
2.0 2.0 0.046240203657820944 
2.469313764635747 3.4153134986245868 0.7142003872420465 
4.620068591359311 2.58706044231475 0.0 
2.0 2.890732847569926 0.9452320079124453 
2.0 2.839318969775711 0.9013811422764537 
5.511567901917032 2.2471967100338266 0.0 
2.2047805387937567 2.5208465996348037 0.4452320079124453 
2.0 3.155290753558285 0.7913538476818255 
3.1155334279511098 2.9403810997973236 0.07262163443604296 
2.0774964999771925 3.189140566167015 0.5 
2.023076558764586 2.7745563617081355 0.8369063867732183 
2.0 3.071142857686941 0.5827783540941354 
7.746757962880356 2.0 0.0 
2.0 2.6663815076758475 0.4595766689704044 
9.447053462488046 2.0 0.0 
2.5873507123929986 3.2075039345801106 0.16349428919513853 
2.0108327699494253 2.7369566781676355 0.33351437487378466 
2.0 3.256532822836184 0.5480731236552892 
4.669784684395002 2.0 0.0 
11.72207745800624 2.9105170154045417 0.0 
2.0 4.255308359394326 0.340615990248333 
2.0 5.174924160028597 0.0 
7.316668616062538 2.35361125621343 0.0 
2.0 5.642862462435152 0.16902661448351203 
2.47887070845512 3.994371432383137 0.2889686801554545 
2.0 3.0864660753577144 0.3629634365071058 
2.0 2.93477284272243 0.4030412929575601 
2.0378127610090493 6.22115669073533 0.5 
2.1058982235524226 2.561462136260509 0.7868814135997546 
20.66832927078162 2.9103481783954366 0.0 
2.0 2.4910009446630594 0.10134904548261137 
2.0 3.690131513431719 0.11964038774826502 
8.498707762705227 2.589821178892953 0.0 
2.0 3.7911916807578456 0.0 
16.138174822527233 2.501482929610264 0.0 
16.59508977309344 3.0978973204111555 0.0 
