2.0 2.8911847261117494 0.6543215078342821 
37.15496011922628 4.184137637871978 0.43227953415079085 
2.0 2.0 0.0 
2.0 2.0 0.014650781728288542 
2.0 5.95 0.0023303253041869567 
45.68326770574301 3.2600451719492156 0.016417086149084964 
2.0 3.4585946256092193 1.0 
4.649432349466936 2.0 0.0 
2.0 3.8046224283201324 0.5690770907899828 
11.722466006960811 2.616509939464701 0.6791995367924847 
2.0 5.577109472762185 0.0 
3.6055148129163825 2.0 0.0 
2.0 4.107337513537666 0.5512728361682682 
2.0 2.6294270795966734 0.03842739266053932 
2.0 8.7832684655016 0.0 
24.884635024397422 2.0 0.0 
2.0 2.6071804396680123 0.22950816883943226 
2.0 3.6115564147625223 0.35417287364557926 
2.409705561278077 3.3741756920383246 0.549810949103771 
4.009321699911874 2.060707801329947 0.01593276553880342 
3.4602051460337755 2.0 0.0 
2.0 10.097873365156463 0.0 
3.822688441282938 3.077963645850941 0.15551030835341928 
2.0066406406898833 3.8915362290187874 0.8321027420594767 
2.0 2.8639752878828615 0.6277352989981626 
11.995836619361103 2.614261425424319 0.35024582236675567 
2.068508298506282 2.7533551765911737 0.4072386427991001 
2.0 2.760298086858034 0.15313916692867724 
7.907730286621916 3.1296102291793093 1.0 
5.396964746343459 2.9882942004849617 0.6384185846442804 
10.914897529037262 2.0 0.0 
2.7252615218016163 4.083986631493426 0.23900889889591542 
22.751693649750237 2.5389905014079037 0.32925961114463 
2.1503231601138624 2.857120728422845 0.27629390622339633 
5.052465459439759 3.154127557364275 0.6663954581820297 
2.284271862019236 3.8278378350456412 0.27973214521253204 
2.6596955208433366 3.712827634502698 0.5408009808156377 
16.142067335641517 3.199697621007215 0.5 
3.0297960423167467 3.2331660163343563 0.9766453168156691 
2.297359013428162 3.394114200513938 0.9070976883942188 
8.246265603625407 3.494410657260278 0.09962960740523001 
8.665620919529205 3.069773340171369 0.0 
10.67717610484788 2.6833983438545976 0.0 
2.0 4.360704089308541 0.7257820976118006 
5.374406109424045 2.500846805224113 0.4765642953043345 
2.0 4.078914829307131 0.6477477026383072 
3.2694069167851847 2.5261231290892145 0.7141602095661819 
5.578478710158379 3.2769468200980216 0.9203708114221922 
2.0 4.539493339759678 0.30357698871676003 
3.4959632123825894 2.0330578252622837 0.11216565942140355 
8.34467015913421 3.3216480195443334 0.0 
2.718143535235459 3.4107969451504774 0.9070770306012653 
2.003666126364611 4.274102506322279 0.7608369397882315 
9.865724089267077 3.43230088991765 0.6548767283237502 
3.3035733176295627 2.790615868121568 0.8827071318394055 
