2.0 2.0 1.0 
6.926635518451137 2.0 0.0 
6.856043347177579 2.0 0.8872417839737246 
4.1397389113846685 2.0 0.3771023176944037 
2.0 2.0 0.0 
2.5105053293180433 2.0 0.719432897759371 
5.810598093680078 2.0 0.0 
34.16444141697956 2.0 0.2435472334638754 
9.259082343951498 2.0 1.0 
14.75557249875324 2.0 0.8571504718493603 
2.0 2.0 0.5166217971629761 
2.0 2.9979590038710526 0.05 
2.0 2.0 0.019679941825402225 
3.1389826811548014 2.0 0.6346144570064017 
2.0 2.0 0.719432897759371 
5.13604600548685 2.0 0.0 
10.495217225554615 2.0 0.9788830003519986 
2.0 2.0 0.8620232700702524 
2.6720511264307336 2.8189316124913812 0.08579434209449166 
2.0 2.0 0.4402887667496059 
2.859133637467485 2.1621218616829867 0.5350801219156504 
8.05 2.2005665088563653 0.8708808430756506 
3.2528075491949413 2.175794796420141 0.22033514612320498 
2.1009701300609014 2.5548722095897043 0.07663935504360188 
3.8613059624417554 2.0 0.25669895684237226 
9.766055221920379 2.0664320955416287 0.482235372632668 
3.7058238477557914 2.268015398481029 0.33925999807725193 
2.0 6.580378211354833 0.004779448583992996 
11.095807976634752 2.5252564923007235 0.0 
6.210137289127067 2.0 0.5962143051060634 
6.813244702722095 2.0738932970918826 0.5 
2.894031973787398 2.496267935786108 0.33651771408589914 
7.55349391626919 2.1865907081281915 0.6993392984830199 
4.430431879619155 2.0 1.0 
9.178368619203097 2.067474320505666 0.7566989568423723 
4.267739898162171 2.3718199013636507 0.5950193136913934 
3.3723483497913653 2.0991355428358673 0.43716932255728347 
2.0 2.226576900140947 0.9520073589609641 
7.881174287807611 2.2260846799613203 0.33889913015426343 
9.773897855586295 2.2549844628757256 0.5857987769394721 
5.534438222228559 2.03497213172495 0.8978846531886422 
2.679056391408395 2.3487407181663067 0.5836024894518316 
2.0 2.7796247564120224 0.32656031365533755 
14.461981155573046 2.0 1.0 
12.840404224801773 2.0 0.8920279586806036 
7.136109872613208 2.271217891121941 0.5862118146323054 
5.922941352566744 2.0 1.0 
2.0 2.0 0.1518846222710727 
5.3358954057784285 2.0 0.8594112005460608 
2.5028257664499614 2.0063882457021576 0.5168388455811342 
2.0 9.539861568949263 0.2772659196483178 
6.3006001201665205 2.395 0.3920279586806036 
10.633783685279761 2.4936453380418544 0.0 
8.497715953484445 2.0 0.43817449949723586 
4.370572993258077 2.0 0.0 
8.56626275594769 3.3223697188985586 0.0 
2.0 2.0 0.5447341364874851 
19.31843542901551 2.0 1.0 
12.549000891588598 2.546160805590794 0.0 
7.0843233103221 2.0 0.8036414297863179 
4.501630090831991 2.0 0.2208245228991712 
12.9341477798787 2.0 0.6550771972660129 
5.969619029796467 2.5234353757982833 0.0 
9.186168140829794 2.0 0.4111487598350598 
3.5945560924117435 2.0 0.2086904430953193 
2.0 2.0 0.17916981157557943 
2.7650194195234956 5.0985683299390026 0.18444095696451712 
9.57014473970758 2.0 0.0 
2.9361640401981792 2.213075295756688 0.3389826306436833 
2.674950189510788 2.139017331652573 0.812866251636875 
2.0 4.019324302283846 0.22620618253244487 
4.901266324667036 2.0 0.9833450271700179 
5.120085512114203 2.1459565492417214 0.44245501814376526 
10.066632435417779 3.1974670278015482 0.0 
2.0 6.030949461894929 0.3747572699661169 
2.525069038955729 2.060065212140089 0.11828215164159345 
2.7283092476563895 2.0544771598998106 0.8838396365651917 
5.437543115506829 2.005526687158807 0.27884008037237534 
2.0 2.0 0.24517615717392366 
12.82279528361721 2.377333382926056 0.0 
2.6252064853228205 2.2192413093509464 0.9474920532866444 
11.713194464424735 2.0 0.9962904471728621 
8.046996965081812 3.052812838704246 0.0 
2.5849194257607473 2.3388336620112073 0.0 
5.375615667075665 2.0 0.3273340532783442 
20.233403854699677 2.0 1.0 
7.236708499996683 2.119441229761704 0.20452002525580226 
7.943214092264813 2.0 0.8019352944985145 
18.926720527656133 2.0 0.5 
7.060314436781287 2.0014060140877103 1.0 
3.2322759581751512 2.7259178832754736 0.31772336296856607 
17.164456125982888 2.0 0.7785607712395448 
27.421687422545176 2.0 0.9264754126777331 
18.095999410484886 2.0180573757304194 0.0 
39.334185017196404 2.209491221978028 0.0 
5.318512966347637 2.0 0.7390396988393625 
19.461407761692307 2.5501456115421908 0.0 
3.144392292068785 2.5557024598043734 0.11444186036270372 
3.6096444964380843 2.5727198870156007 0.2723179906396138 
4.164348691621588 2.5078553318047043 0.1802735441227606 
