2.6685118121818525 2.0 0.0 
2.0 2.0 0.0 
2.0 2.0 0.025220049557437174 
2.0 10.306116678359102 0.0 
3.9084295405037173 2.0 0.07750801858978879 
3.9995658332627384 2.0 0.0 
26.832045816121102 2.0 0.0 
4.948450443925992 2.0 0.0 
2.0 3.0569913379369655 0.06187645588559171 
44.48052974072644 3.1871694086915716 0.05 
2.0665677911013196 8.823501904801734 0.0 
11.19785848250929 2.0 0.0 
2.0 6.393486710194499 0.0 
2.0 3.637192746359828 0.25933772848997494 
2.004399056443795 6.015529121288917 0.005404622422133666 
4.178888479317078 3.173681988261606 0.17034355524332137 
8.02338862648003 3.046240591336686 0.2799774109943315 
2.0 3.7759413287352865 0.5301721422993831 
8.047042826726205 2.7234654851395677 0.48237653074968173 
5.3731472587764255 3.2311417470705033 0.6332960806349927 
2.834291434423404 3.548300588363758 0.23968689947570737 
15.558783197911373 3.2415388066956385 0.05882854967565827 
2.0 4.050586193021284 0.6105643623318757 
2.308114502142274 3.587692003814961 0.3763966562888629 
37.410301702323395 4.082440627216707 0.04147019171624082 
2.575730838054687 2.1887227279657284 0.11057389597413989 
12.093790029842188 3.2797610138286126 0.018607546489622623 
2.0 3.5898597947257094 0.5801725315198557 
9.822824788279863 2.637006471283024 0.5709057999984148 
2.0 3.0810628688102244 0.1636731994566266 
2.0442101904983785 5.330783036438763 0.28213794894694294 
23.64245373706424 3.4802419260236697 0.4764559619302005 
2.244595511484796 3.417650790843009 0.25078287560762613 
2.0 4.306300029940887 0.6946690670021517 
9.220261406304019 2.5950851198394105 0.0 
2.0 4.04955168129974 0.7462047662591034 
10.796980186028955 3.0096336232331495 0.0 
2.0 4.205014218764289 0.7637798970607013 
2.0 3.2361806658290306 0.3853408897674358 
2.1520624374731154 2.9535529393728384 0.9039790496729436 
3.46119755112535 2.9087893676077257 0.6827407522933061 
2.0 2.8877233889017693 0.995983429889029 
2.0 2.883493841918372 0.5316042739656542 
2.136239262602492 2.7664212920347517 0.28686212426742314 
6.01407413500441 3.4686439196190304 0.0 
4.868139504825387 2.9100232897045544 0.49922530356213046 
2.554992825488666 4.363391466551299 0.5866477086520068 
2.0 3.9189963315026075 0.8422847134933904 
2.6342918018469534 2.906471987931058 0.8121405427111941 
2.5363036251567745 2.8195129136341026 0.8961159836093393 
