2.86171749179366 3.4582431592509777 0.9856292472392644 
36.3834360063741 4.463892294099507 0.4965077082705137 
2.0 2.6027738516457597 1.0 
23.82735115803795 3.284258679959022 0.45097694347776707 
16.00399258974368 3.2156672824286825 0.39128560937522416 
2.0 5.411683640233645 0.250433824239808 
2.0371788735860785 3.710043065226329 0.6661469602895789 
2.0 4.252487152612844 0.3541597280156262 
17.66221127002222 3.89186448345 0.3937644088736745 
2.0 2.0 0.0 
2.0367805116295323 3.941103927740216 0.5982200710762846 
2.0 6.483595933614908 0.02786697976183211 
2.0 3.1773720544408697 0.019964556877176687 
2.0 3.3639536874144556 0.6108631924657771 
2.0 3.9298175744816075 0.6402339080117043 
24.942764101893765 2.0 0.0 
10.049699101919009 2.6746329831571325 0.6037309677715982 
2.0 3.196084518370605 0.6513983848244338 
2.0 9.824692915325823 0.0 
2.0 2.0 0.007406296907056881 
2.077159306090514 3.549503674965054 0.7215102101422297 
2.8693592165298734 3.7993822698349304 0.2454513906306795 
42.22674852030624 2.6715446676025585 0.11802474405933844 
2.3196727066063816 4.025094570662963 0.26925683734176814 
2.0 5.653839403793053 0.0 
4.851709796838937 2.985403069508452 0.5 
2.186046414772308 3.8617854153465903 0.8179049705067154 
4.070250241026164 3.0499803903882787 0.20139221125521184 
2.0 3.377998462763868 0.5519339235166636 
3.9057022390119727 2.199820881170335 0.014707603378558276 
5.088074232155096 2.573593297007318 0.6767824304562343 
3.8796729935655936 2.0 0.0 
8.38995880621318 3.1630278371588805 0.5 
2.62099546978619 2.0 0.0 
5.097507431452211 2.0 0.0 
11.628220213171543 2.98677605274298 0.003336711443431284 
2.0 3.1078590663672374 0.18000240205580775 
2.0 8.601833204484278 0.0 
2.420836850001607 3.141756616986493 0.25640052596429913 
2.0 3.7721653224620217 0.5323593546057969 
2.0 3.472006698381581 0.2735131108931085 
2.0 4.394557886843968 0.7858180017748159 
7.910362097760949 2.7526257991450285 0.2828993490700058 
11.308966662901838 2.8021582354293293 0.0 
2.38643440597682 3.2634148132436986 0.41050362513528316 
11.151165381930127 2.0 0.0 
6.197883599714629 3.43744637132988 0.9050827721301693 
4.605970776945073 3.3968824793038612 0.5705213091744202 
2.664431514126889 3.5296467521699526 0.587776292901858 
2.8554666211796014 2.242630790594621 0.0818225484838882 
8.7166864604611 2.697967610830666 0.0 
7.63275235889371 2.9318899674243575 0.0 
6.870679921734153 2.9753312128251963 0.0 
2.0 2.6567822349761423 0.9129359741500518 
3.086065514417609 2.857549715617219 0.9356426554218986 
