2.0 3.673925858634572 0.6164603996484761 
23.10647711163429 3.3539534815383156 0.22526571972148732 
2.0 2.0 0.0 
2.0 3.135116735782861 0.9159388035555779 
2.0 3.109277404849373 1.0 
2.318582484641577 3.0855314749352205 0.3000501057215579 
7.909775258206859 2.9993049336772044 0.13591088479745633 
7.942532010963298 3.0769852286628794 0.5 
2.0 5.95 0.004217025802579422 
40.84098613034088 3.6586777782003406 0.17417124463447547 
15.662860548613125 2.6590871195775208 0.45955951751749 
2.0 2.8522908192416865 0.05674201346503316 
2.0 3.1012139164895416 0.23747794867640012 
11.721029325938161 2.945346361458731 0.06585416180435857 
2.0 2.929259548847921 0.16930743768089934 
11.496430529371919 2.0 0.0 
45.17752544303893 2.501466549992284 0.23197477330885166 
2.8902054042815957 3.6551159814618077 0.2761990815416735 
2.0 3.216926034463789 0.40047329290160094 
27.162339077437032 2.0 0.0 
5.908100828196877 2.7141497644986536 0.0 
2.0 2.0 0.04399155332703397 
7.574404027875167 3.1390926487270896 0.95 
3.5841673872037543 2.0 0.0 
6.095332750036997 3.489254466157126 0.7665938163121317 
2.1484504788400027 3.199660738029374 0.6239548168733807 
2.0 2.6684143127266897 0.660797595136728 
3.5994485442658246 2.7525123263639397 0.18701427389782344 
2.0 9.568116530627993 0.0 
4.18574211168411 2.0787997037940458 0.05 
3.2132540922018706 3.078524126023633 0.926595469464883 
2.6990422594956165 2.7257936885592025 1.0 
5.192732503830494 2.8767950022383166 0.5794943466427427 
2.0 3.86102421018625 0.29028550041633605 
2.0 3.6342484998261253 0.5217424138355944 
3.117733082235072 3.9919208531065595 0.5511218434499237 
2.0 4.280912434933131 0.5891143606972464 
2.0 4.154422523311767 0.40182962926468624 
2.0 2.8660563215654884 0.5396904931066377 
11.324045416246523 2.924991351340005 0.0 
4.978978699582612 2.777446831277684 0.5550687278236266 
2.093765034790453 3.7704578784810554 0.7302373266714028 
2.2053839510787645 4.9552056086906155 0.29120784938732 
2.6327521678192616 3.1698759195928368 0.8648237305102058 
2.0 3.6459513049347225 0.8530304108139595 
3.2148646101331795 2.436646268570683 0.08096835969248875 
3.0644674566599703 2.0 0.0 
4.563696828993584 2.0 0.0 
2.0 3.724610465001915 0.7757329346681967 
2.0 8.575395808013031 0.0 
3.3297794721138745 3.3443781862705304 0.6983854757259437 
9.629604923452579 2.6000079781661247 0.698264431675024 
5.982214274465781 2.8730886250488523 0.8976932129367468 
8.664276040403264 2.88688671560308 0.0 
11.954128032243975 2.9578341593573905 0.8164120491529747 
2.0 5.72430927476859 0.0 
