6.751926633599429 2.0 0.0 
50.40795985524571 3.059203222685427 0.022644993626399434 
2.0 2.0 0.7662534747565111 
26.152935317103694 5.582157665657892 0.41528483529035426 
2.0 2.0 0.0 
2.0 2.0 0.015035341582558037 
6.014602043925704 2.0 0.0 
5.75789133342331 2.019395721084069 0.15666206694029172 
4.541646290796362 2.0 0.2251839309555158 
7.755509733576584 2.3498098463637653 0.3736985400123698 
2.0 2.0 0.7381548810752774 
38.90953708088578 3.527764041489691 0.043491499957639776 
4.8632298172699695 2.0 0.0 
2.9194120372634345 2.0 0.0 
17.633717538754624 2.0 0.5216931148811385 
6.817108842884937 2.195540947436812 0.2282409020807139 
2.0 2.0 0.8556477104465121 
2.746470672298484 2.133063634855177 0.709935363956606 
4.24070506932017 2.2741442331281427 0.031212752734020344 
2.0 2.0 0.920158053903334 
2.0 2.1528763275158367 0.72429857116447 
9.42010817584268 2.002973092141609 0.5306676439904146 
10.307378004840869 2.0 0.6301383820281756 
4.398872041159843 2.0009674580972185 0.8424557896185655 
14.253181029626928 2.0 1.0 
12.433648897695278 2.488500021143806 0.4748375740234476 
10.661301749995465 2.3103355284833427 0.2827786872070681 
11.40546512469251 2.573263605461222 0.0 
2.0 2.6408412616711003 0.06901531365483174 
3.52545676616466 2.096156307657645 0.8641412580376746 
5.586607625577821 2.0 0.8933927684161308 
3.225352112509432 2.0 0.3178376640112332 
6.493199917188515 2.0029830879996746 0.8143718025084152 
14.749808170566059 2.0 0.4762028998322273 
2.022669096076716 2.871317944411354 0.8753497589396161 
7.093292953785038 2.9849452270942285 0.0 
3.1014381447405204 2.2356448684227654 0.6702310560907878 
2.8742740421407023 2.2419105449167795 0.14262204532977313 
4.1284964057036575 2.0 0.2588188884021018 
2.0 2.7378567288100184 0.08958053211148936 
11.161320467285334 2.0 0.0 
3.22537398845681 2.0012786365884887 0.09756033032965976 
13.176551493039206 2.212068926734703 0.8617686677921362 
5.7618613206239315 2.0345328316201936 0.8220218525071518 
4.399816311445613 2.7911251434279754 0.41081343845459617 
4.477017276447569 2.046893608338291 0.8013493719149126 
2.5546681746531945 3.2154052492994385 0.7907294036371353 
14.364045799268258 2.2170513294005034 0.563558001088228 
2.5040844392516504 2.423537000586131 0.7999199590785978 
2.590669871966833 2.97438446110259 0.7426070117427788 
2.92359709070137 2.3693304359867255 0.7463667116740094 
23.461018335460125 2.0085145506633144 1.0 
23.092250763887833 3.2036960787585897 0.0 
3.0275412023760913 2.084016327811443 0.2143448120289585 
12.707529687743227 2.585330436283793 0.0 
10.969249004628296 2.475609622582203 1.0 
3.412558305062658 2.7066548674710402 0.7067424530772213 
4.784323762361098 2.9877689019049245 0.85392835045707 
17.792564404141856 2.001604253153929 0.6936741818340083 
6.298344614055271 2.0 0.7151721318608213 
3.4890360776964062 2.0955749494903504 0.4792505961208563 
3.089012366342945 2.7635493115839047 0.60040213694436 
3.4064831760001675 2.7134756914653697 0.6381736547629402 
10.500128660771452 2.2223483415359215 0.9103982877724811 
