2.0 2.0 0.0 
2.0 2.0 0.0470908960867239 
25.182809835510724 5.760502991038964 0.3241994635082711 
2.294760068789052 3.151658605703401 0.0039126112174439325 
5.97895729167351 2.0 0.0 
2.6698214829228046 2.0 0.0 
54.69570213636011 3.1742640750222404 0.10886138718360122 
7.41695177186392 2.0 0.0 
3.5538837769242004 2.4602887146926475 0.08047495292369992 
4.9720848820817665 2.0 0.0 
2.0 2.0 0.739766047252908 
5.676851850650063 2.0 0.7976824892718871 
2.0 2.638691848030142 0.11034659086855862 
3.5299014106508255 2.300003046531716 0.26386809318072135 
3.399135676166018 2.005641184583828 0.4518185569201508 
40.44313670657854 3.7360555193009013 0.04646290363729468 
11.007006213801136 2.0 0.0 
2.0 2.0 0.7697500155048491 
11.847656533256508 2.0 0.5 
2.2891087223343223 2.048881122494524 0.8584571326482153 
17.920292578240293 2.0 0.5055417486321393 
15.33472688621913 2.003777812606514 0.4118660560763163 
14.174249278759728 2.1360388486862822 0.9209472073345216 
3.2144423266076134 2.729285300552613 0.6941903731403842 
5.841031916538632 2.4153914208426084 0.9607894109049653 
14.05844217276146 2.0015848415774298 0.5651876734005046 
13.242747033157528 2.790168465751022 0.0 
3.307489771838992 2.6653650727266487 0.6248645136786285 
11.483906183618977 2.238711663606723 0.3901897489723022 
11.494305634667658 2.944787870537384 0.0 
2.0 2.0 0.9278297478494361 
2.0 2.0 0.7099336363004836 
6.501619192723108 3.356832590582806 0.0 
2.0 2.0 0.8544179822898861 
3.4558769886310454 2.0499453844207616 0.797432311321176 
10.585795650381673 2.0 0.976000036831351 
5.692352227946957 2.0 0.8655652716846238 
3.2349939376105397 2.0210464073370167 0.44474067745084467 
3.404209180493723 2.012528530591964 0.14810740883460186 
5.395019955439833 2.126243470218758 0.21837800777961233 
16.525148943947457 2.0 0.6332363954262721 
23.46910778336766 2.0 1.0 
7.611618086109628 2.360041627086896 0.3774569238189054 
5.7920060163300775 2.0132155846749105 0.19398044747804216 
24.09473695592294 3.0136942645767038 0.0 
3.3415814839011624 2.0 0.22464645251693885 
6.854021006535719 2.0 0.21960189629469584 
10.169325535815526 2.0126988895100277 0.6427255968981535 
2.7608759159802583 2.1902466550160407 0.8410507272942809 
13.368508992558596 2.0 0.9405599835882923 
5.568161462198518 2.0 0.7431505611974324 
3.1726400092914804 2.0 0.33610724455498386 
18.4594287016289 2.404635885748261 0.7148920814651244 
2.684664656286788 2.0 0.8915536234340978 
3.230120604300649 2.0 0.09259241899498298 
2.996374026771139 2.6754282278908907 0.6111750689408987 
2.7786886450946913 2.0526221058794896 0.7036868168207837 
2.607029778777993 2.893184012222183 0.397999846320642 
10.838994901954456 2.3386618365079994 0.9332729223631342 
9.492824111824113 2.0 0.44782521826434707 
4.24424662521035 2.0 0.8444384162971166 
9.464109432282113 2.0 1.0 
3.3695462192269194 2.1478441480406425 0.7189206826519441 
20.424961412107518 3.1010160843274264 0.0 
3.0169297026113666 2.5692953884756813 0.7746851570617217 
3.651558997557064 2.467721190366522 0.7613015386157468 
