2.0 2.5175376685272184 0.5733625870836535 
38.122562896814905 3.629788580697184 0.7035298254363415 
2.0 2.0 0.0 
2.06894259720724 3.244508472884781 0.7039168825655155 
2.0 2.7966783207471293 0.6523124749437651 
2.134539734604277 2.5818154468596752 0.5 
49.16314577757979 2.8528021227410676 0.39443118626960594 
7.7317288901412455 3.3082223070695878 0.0 
2.0 3.194147558894971 0.7409435569986706 
2.0 3.1123827694144044 0.8981538488379011 
2.0 2.9789116955095256 0.4715329512148694 
2.0 2.535058748439211 0.5343514615733043 
2.000520570630723 2.0005202916041296 0.04358927212930553 
2.0674952024783497 3.405758495988283 0.7634252660403971 
2.0 3.037503887779684 0.913794864820294 
2.0 3.4964044500221485 0.8271474609508382 
2.0 3.022457474765872 0.0 
2.0 3.042900582450163 0.9453351671938285 
2.0 2.836376750022901 1.0 
2.0 3.1470361385620254 0.40886295238087267 
2.184126875218869 2.4761467487159496 0.169963284823392 
2.0 4.554645377589014 0.0 
2.0 2.8954970628549495 0.8030409553733134 
2.0 3.34439231925338 0.0034753009354453984 
2.6212246425077748 3.3721271284486174 0.1473227147698375 
2.217705072056916 4.4022460919069655 0.12958161637454452 
2.0 4.003279997893775 0.0 
2.0 3.09992870653692 0.3113960541582874 
4.931685831050123 2.0 0.0 
8.05 2.0 0.0 
2.1212182862279856 4.226191444705544 0.28374247863150065 
2.0 2.0 0.10112828824467715 
2.053315133711808 5.57097453719773 0.5129920914229469 
2.0 3.16500481818814 0.36276816968957426 
6.733321261403026 2.0 0.0 
2.3976277556431445 2.901489249020404 0.435444014183359 
2.0783150849486143 3.175876670609908 0.2536275278547974 
2.5295461034579607 2.7795517617039227 0.0974693826037002 
2.0 2.635237598000054 0.6010724718819971 
4.50379885672338 3.4083325911554 0.0 
17.16842562164448 3.177628328528357 0.0 
9.396948993931609 2.0 0.0 
2.250115337123378 4.110774440111034 0.33143981123682176 
2.0 3.416181877765743 0.161520417032523 
5.563971968168141 2.0 0.0 
24.313139402001777 3.4739557265625134 0.0 
2.0 3.235088166208082 0.20796376701459102 
21.265998178412048 3.495715445261066 0.0 
15.848045791362772 2.67877666479623 0.0 
2.323487372145252 5.682590259153273 0.17584024311730106 
2.0 4.044172309621582 0.38584125734751984 
14.164991529795664 2.5257431539713164 0.0 
13.442013251631636 3.153170396901128 0.0 
