58.647066383329346 3.1159369723330634 0.7736744813501119 
8.077797958477252 2.1414265656557627 0.31603338785320073 
14.90389848197168 2.0 0.3694434047185241 
8.655406835313443 2.001307730043498 0.5 
10.913423088196069 2.0 0.0 
2.0 2.2081679234547327 0.0 
12.108103789514773 2.2352092672394854 0.4713846675227873 
5.376286572235262 2.0180328815873105 0.24663363886034012 
6.008677756226941 2.1349461921466966 0.0 
7.321763473653327 2.0 0.0 
2.0 2.2389314558013482 0.019849051488525803 
3.047543497211419 2.0 0.0 
23.9351537310047 3.1964954812046695 0.0 
2.0 3.1963642868314244 0.04752779531031959 
2.0 2.0 0.8333216342296648 
13.641169877152347 2.0 1.0 
2.0 2.3081448874598847 0.7383118054978091 
2.0 2.0 0.7737745360725041 
6.399413246917517 2.051877087149773 0.17486532938470126 
13.63649781588146 2.0 0.6916550807840135 
3.3139499958101446 2.203519863178638 0.48146834840982566 
5.905875249859554 2.0 0.8264179788063861 
4.3643529343603555 2.4293474332018867 6.522448516852741E-4 
3.0227183992074167 2.0 0.11190150568740798 
11.279639194094361 2.0694803964490194 0.8248297328455487 
2.0 2.3912550812616553 0.7204409501652452 
5.875425799071751 2.464548012652485 0.7052970163947353 
41.319693316280215 4.2253584068638865 0.05 
2.0 2.0 0.9192796765532556 
3.1012385393789135 2.0 0.14425691129560694 
26.416238792804656 6.240972866624184 1.0 
4.1096294242731 2.720226641108847 0.4299957691134826 
2.0208763318355705 2.681108567019444 0.09928062257455371 
17.532192303691584 2.0 0.5 
4.589492682276116 2.0 0.0 
10.527691386773716 3.132762040463461 0.0 
4.386096755744365 2.141849502884667 0.8522369552002822 
2.6343583446237497 2.5778083723605 0.5715292868901881 
2.8468611450237535 2.2483399243578464 0.71498845254134 
2.0 3.251240134533601 0.8896834660319252 
3.2149975102788044 2.0980348049732 0.21961203686457875 
3.721702081778184 2.1089932795343787 0.7882122712745687 
7.494143991366898 2.4499746770099904 0.18071117015021695 
10.015370260870737 2.0 0.6286791508696157 
4.011751762926653 2.203030494038286 0.2766675394483206 
20.481238334657135 3.4834296362260804 0.0 
17.069484633996417 2.0 0.7212271962508089 
5.534494654260336 2.1622579521208554 0.9095287139462926 
18.446080516735808 2.036133420446557 0.839460483723422 
10.833431324531187 2.0 1.0 
7.1730271700171855 3.453306275960684 0.0 
23.432495341144097 2.0 0.9196989522049331 
5.85939395850933 2.007305524786232 0.8156482040480206 
3.4014322260146077 2.5590559402526063 0.6372355437293615 
12.671896229281407 2.3320785358188125 0.8684612104682663 
3.2338450415877094 2.1195503438734393 0.3046428019229966 
3.8217931638679516 2.0912874009550846 0.8850854181637684 
12.869676043744935 3.4863965028616097 0.0 
2.9165483028539483 2.1359452733800834 0.6922868770523724 
2.9913859648981016 2.749684581300272 0.7930482365888109 
