2.0 2.5420338960692845 0.8636328866493553 
2.0 3.1035442063430807 0.5504382505966953 
2.0 2.989638909645724 1.0 
2.0 2.6184343584697842 0.7792314946219413 
44.4803182418985 2.869055021676332 0.548922989736376 
2.0 3.2156982099486022 0.843608451781284 
2.0 3.38028955225675 0.6750316520427799 
2.0 2.620186524002064 0.700649215946328 
7.345251721653664 2.0 0.0 
38.022474311134346 3.927625301783074 0.512167107607113 
2.247963964908268 3.28352141254703 0.41397527850345917 
2.0 2.0 0.16833321757820624 
2.0 2.5956890955423284 0.714635759376206 
2.0 2.0 0.0 
2.2659196104766237 2.98968160031761 0.39572693567060196 
2.0 3.009384947652504 0.0 
2.043227942921404 2.7744808368310183 0.6376256546417732 
2.2425699463653954 3.165964063770428 0.5 
2.0 4.150950979615615 0.2532563956204371 
2.0 8.759479792124775 0.0 
2.0 3.0720005362315863 0.9401715785054037 
2.0 2.0 0.1159251306192533 
2.0 2.793309432869558 0.15980301479974468 
2.0 2.679750757708671 0.5877830851085074 
2.0109798291997207 2.001643695010941 0.02224463476674883 
2.1265319843563026 2.953697940395556 0.3598229049445524 
2.146934252317286 2.804278552160219 0.24458102898930006 
2.0403582755967173 3.0114692705562103 0.8142997033604815 
2.011915692935596 4.163103118349337 0.0 
2.114601745187334 2.77028537508317 0.33164586854991956 
2.0 2.5794137733275813 0.9172011410870546 
2.0 4.5939692406483985 0.0 
2.3240126553368485 3.971405286588437 0.13503701659167383 
2.0 4.264537330372172 0.34321150756542096 
2.0 6.497844448677046 0.45149393893855794 
2.0 6.294100425168874 0.19944510316740477 
7.644350797464522 2.0 0.0 
2.0 2.7554453867723 0.00441079981402781 
2.081086743236244 3.115323051633534 0.19335929362619453 
5.4902431544347365 2.0 0.0 
6.340664485688016 2.0 0.0 
2.6173867899048937 3.2668245974205314 2.3797413146341507E-6 
14.683221627884905 2.7975299347339315 0.0 
2.0403883274748806 3.16233711917343 0.4692032604167319 
9.373251514834212 2.0 0.0 
23.04884458597679 2.976472049883603 0.0 
2.014028042809003 4.337522222033583 0.3929804292660476 
17.91513912176627 2.0 0.0 
11.78360797621012 3.1538776929209082 0.0 
3.4000445644162065 2.791163336188691 0.12558422740237593 
13.648596847780198 2.0 0.0 
10.696901002877405 2.524090881466499 0.0 
21.129881688688876 2.7393665297355683 0.0 
16.560881765234846 2.7902047524383486 0.0 
10.090953143294293 2.964094324545188 0.0 
