45.249534312924965 3.458675298260537 0.882807798507614 
2.0 3.3360100402728348 0.6114271802836422 
8.05 2.5259765703882433 1.0 
2.0 3.0173633612802035 0.4053209150322476 
8.464194764145978 2.9831148931031426 0.12590292332551403 
2.0 2.0 0.0 
2.0 3.861757834689252 0.773443113936112 
2.0 2.6716216818329914 0.9840182504489243 
3.2248270083597035 2.97586039984893 0.8813458915010746 
2.0 2.8311725171239717 0.5498004943502373 
2.0 2.0 0.025217924147419746 
4.079756489570137 2.109185990250455 0.07573786942356742 
2.459799779492593 4.488852149509785 0.7172708347344176 
40.18968318071798 3.7426668319217415 0.7079379190309404 
15.904817175482865 2.630443088888186 0.4192614562568663 
2.371369305901821 3.8446408235247578 0.5965853452090597 
8.28880370586921 3.115707754610762 0.5 
2.917231391821172 3.430908197022839 0.9198755630021564 
10.093008035344813 2.967996578568039 0.6794452397151078 
5.839068805059792 2.7143299604544273 0.684752467281239 
3.30686684924974 3.9662516168537048 0.5622959578658306 
24.24385625973214 2.7613761912080586 0.5815046480595275 
11.92321215331362 3.027293320262012 0.3313230336182204 
2.0 8.660690206165697 0.0 
2.0 2.5220031939239704 0.6502636595098326 
4.553190456410104 3.264756452819225 0.48032552689349617 
2.0 2.8160966129958704 0.2746948363319887 
3.2249667822608195 2.0 0.08701763527675554 
25.884967783536137 2.0 0.0 
5.044803619266793 2.0 0.0 
5.063256243244732 2.8677446129923325 0.7408188364185815 
2.0 2.715179240729759 0.07438729896646135 
2.0 3.8866211404748405 0.5036697066212528 
2.0 3.57697965420678 0.8170611820427564 
2.0 10.138610840123075 0.0 
2.0 2.8979025032078782 0.9224966648729975 
2.0251982618486606 2.8968979903624366 0.24388897244809946 
5.715970962628164 2.950676557000504 0.9618547427305217 
10.908903720877221 3.058296423134448 0.0 
2.0 5.691464908638162 0.0245070856954408 
2.702364132838865 3.446171910951125 0.6937313491651912 
2.8925451598408807 2.0434089015160866 0.0 
2.0 2.768100088184383 0.17190724091329523 
2.0 3.5631516604869957 0.3954580103356068 
4.934093460986935 2.7692097523363066 0.578657198141041 
8.591678131026914 2.612100819530344 0.0 
2.0 4.604987615304472 0.27667025498109765 
2.348666846257778 4.095917960766508 0.6256603266710952 
3.603757179820745 2.0 0.0 
2.0 4.302404426649953 0.28353924752253507 
2.8419319484597185 4.484639874926754 0.2565931845851385 
2.901684314679392 3.1047343950760213 1.0 
3.9111659306596316 2.741944033014754 0.17727926836061744 
2.0 5.647287046388591 0.0 
11.103618357563636 2.0 0.0 
6.229010429439313 3.3576318155764673 0.0 
11.714189581375077 2.5217021963850796 0.6950920018805883 
