2.0 2.0 0.7317035358280704 
2.9495175321276634 2.0 0.679146848173962 
2.0 2.0 0.8503445492662048 
14.428221649291942 2.018852647236677 0.6327705766433747 
52.947944027608955 3.2284061198795007 0.09066147485523307 
7.784069388178685 2.0030983420411608 0.368264089891287 
2.0 2.0 0.827779089761226 
2.0 2.0 0.0 
36.766279284281225 4.320749435900536 0.48886021627319615 
3.5147654762017555 2.0 0.25566844075230183 
5.860891077446457 2.2453360870622965 0.9122724667768121 
2.0 2.0 0.00839700788069686 
2.5031444401983816 2.0124884101988343 0.46116063008282515 
2.7155786604253507 2.1550177164242226 0.7316407076899454 
4.198816970034413 2.0 0.06535333971440443 
2.82086128829377 2.228611106650125 0.14848663051750477 
18.369793458240437 2.0 0.5723025948312693 
12.801253557571247 3.288713787620397 0.0 
8.951335213752106 2.0 0.5151756059357063 
10.424903368452156 2.0 0.6454494803829074 
23.509463135716654 3.4049952690802616 0.0 
5.995723444219964 2.187826278170916 0.0 
2.0 2.0 0.7612611259633648 
5.407226934884676 2.0 0.0 
2.0 2.0 0.9262156845565683 
4.592701661361145 2.5780788162803185 0.9077574517306892 
2.0 2.0 0.7290748899361921 
3.109496784986777 2.0 0.0 
2.5789725846570866 2.0361176659548157 0.8541134786672719 
6.597575292780885 2.812586402968211 0.0 
24.056047111520446 2.0 1.0 
4.22752312915085 2.0 0.780918170773411 
6.3830762221117485 2.0384070397972036 0.1963905425993411 
2.0 2.9455901693466693 0.8338669027331665 
5.920193062500312 2.0 0.7471926292444039 
2.6402476416303107 2.14048749713229 0.8097551597601478 
7.447963296617214 2.0 0.0 
2.953555258430804 3.1767824428751403 0.7259424754810628 
2.0 2.6109716584440994 0.08699252598537338 
3.084924362927795 2.009184382806743 0.10116599221196648 
5.977456819646609 2.0 0.8469378211813342 
3.316761495158757 2.0 0.3052900000467361 
11.302824105550235 2.0 0.0 
6.81090776206293 2.1130176814544885 0.21917919232663496 
4.9228663775474475 2.330890112231562 0.2276609302106254 
25.886295430201642 6.084004470641791 0.5117969948192764 
3.2428739007709724 2.111292947571587 0.22512848573838906 
2.0 2.984378713889217 0.011235350277488116 
17.224814884271403 2.0179819926052063 0.7322686970397995 
11.027414969942782 2.9278798656087224 0.0 
3.6780351984573514 2.2050122601555477 0.86303378871762 
14.028473972198533 2.281611531128733 0.9370182606773876 
2.5217305997834933 2.934152624734386 0.5782726288248171 
5.570297376696846 2.0687780557632047 0.6822341048816647 
18.111880079871188 2.086180535398997 0.783902002405997 
4.034891765331148 3.3959548053737807 0.4035567200265862 
2.0 3.1011512752616266 0.8852172784334795 
10.696833117967902 2.098366451320728 0.31793625133759706 
14.803109088354347 2.0 0.5 
12.487821569476608 2.0 0.5226102718569983 
10.897768919876203 2.2220118270101725 0.95 
2.9353447208619583 3.055557733137633 0.6561657442180495 
13.197510161465951 2.0 0.9564282287214609 
