10.861443484946712 2.0 0.3256059695482351 
17.409174245864683 2.0 0.640876655785475 
7.202599673571854 2.0 0.0 
2.0 2.0 0.0 
13.616343061236092 2.0 0.5398099691259741 
17.591131582288707 2.0 0.6334527458710342 
17.52879856055114 2.066435347387979 0.6712459595661237 
2.0 2.0 0.7292621913663049 
24.5589222408349 5.859716500969299 0.6003617270346875 
58.8939056633543 2.976438174115108 0.6566064952670749 
3.0249960748483953 2.4731101452119186 0.46089191541301 
12.68940336500819 2.0 0.8360533399729603 
14.495471667140132 2.0 1.0 
11.751893455089572 2.0 0.4957005934783414 
4.109226054191669 2.087294541997698 0.02667084426706806 
11.022444322800352 2.1026487169818493 0.9249091664470306 
5.668604366826127 2.001756994040363 0.7120452496500363 
2.0 2.622609241025559 0.07869223280010954 
14.640913130815813 2.0 0.46478281614181455 
3.9567186233456426 2.293375695442861 0.8855672163565214 
2.0 2.0 0.7387623288460937 
2.0 2.0 0.772356349490618 
10.79964418913299 3.0514442206896963 0.0 
2.0 13.18694750494331 0.0 
2.3695514737624475 2.8954840483683504 0.0021666736618029055 
10.990337241983823 2.0 0.0 
5.545156942028125 2.001203550231882 0.8896885263502726 
6.131072619268137 2.0 0.16170501405999382 
3.4101162483117093 2.0 0.8191034890739987 
3.348349478229658 2.0 0.0 
2.0 2.26118297607026 0.9280203960590203 
4.575613787958048 2.0037144403500657 0.0 
2.0 2.0 0.013544043516038773 
10.077312522595378 2.1233226221144172 0.637098706934558 
2.629743266793393 2.0 0.7276430728223656 
2.943579991611415 2.0 0.6798433762785919 
3.416384084997293 2.2180460635436687 0.0783628389295346 
6.843292414819068 2.7871368972504174 0.0 
2.8681344009531298 2.0697724238021933 0.22211397507308323 
3.1546391093078254 2.1307412988125343 0.14397168374138763 
2.0 2.4637105145018507 0.833548594670457 
39.872429085245095 3.5323802457721096 0.6461541426942801 
8.944549350157619 2.0033312736869506 0.5 
3.184644533758414 2.657830466229179 0.7731702794784199 
22.79222074111312 2.4733611062640897 1.0 
6.546954721327024 2.4757799445188753 0.17943942051029008 
3.910455230466244 2.0 0.2854793989187836 
3.6179195468916108 2.0142296129514587 0.7622725035652318 
5.820601127374976 2.0 0.0 
3.4737815801268184 2.004287512896347 0.904712883505004 
2.0985553106595636 2.876217965867898 0.8956521514022517 
3.1953744331185763 2.0376619051371847 0.837812111181832 
5.908169127988129 2.0114177718574417 0.8134398768277354 
3.1836357399667587 2.7967227665500882 0.7007054072406335 
5.320374083116431 2.3347339678223644 0.2214928057755823 
7.949788051564825 2.0 0.323200497839232 
2.0 3.003697090120439 0.8512609840063676 
10.952090284805273 2.0007081942551372 0.9533209411083654 
4.052043853874215 2.833687227261736 0.4221156799262338 
4.171143693884751 2.0 0.8226803470136539 
3.0807919350566104 2.2280647001141665 0.30783703508043625 
