2.0 2.0 0.15621325689163848 
2.0 2.0 0.11556087825977432 
2.0 2.0 0.0 
5.217690442093321 2.0 0.0 
2.0 2.793903385401517 0.24669650087399297 
2.0 3.419859400421 0.0 
2.0 3.3698710154496037 0.3376629799009365 
2.0 2.0 3.346165453446126E-4 
2.0 3.82246464105569 0.0 
2.0 3.0748506062366436 0.6690889113061216 
40.884369882830555 3.868926657146206 0.07060415482276361 
2.0 3.450549516533159 0.030986929535765928 
2.0 3.4120842511136997 0.7985130470156342 
2.280074906579748 2.5798653508649636 0.5516884347658538 
47.73526233261684 3.2058904769502083 0.5109234321123367 
2.0 4.743549452964817 0.0 
2.0 2.761682516404659 0.46126827599891235 
2.0 6.040077311976445 0.5 
2.0 4.178828173657882 0.36296463042453864 
2.0 3.340244560102114 0.5003648589839577 
6.772545616347893 2.0 0.0 
11.901935397496363 2.647569643612812 0.0 
22.939589123245522 3.160718264651703 0.0 
2.0 3.2860790227116006 0.40155332815709743 
5.705977184346488 2.0 0.0 
2.0 3.5910301524047057 0.14266271995702595 
2.2225651222467446 2.7240711667251136 0.7536306514017537 
2.3104646420885384 2.9025981806985968 0.5965089246474461 
2.0 2.9756204598895977 1.0 
2.0 3.1889768548640856 0.677292165018902 
2.0 3.5264026989327157 0.33156612351474335 
2.0190923408292636 3.4234211696645414 0.1905104566123877 
7.8133877880335865 2.0 0.0 
8.808606769778727 2.0 0.0 
2.0 2.9077125331924885 0.6071374505269089 
3.205024410140587 3.228153957281143 0.10086811357677429 
2.1638382245284644 3.116448002526623 0.7507161192938672 
2.002202443839229 3.417206850871833 0.3713643864763289 
2.037181103352985 3.2557382343000354 0.4162144210105952 
2.0 2.932056564550809 0.8391483976422947 
2.0 3.430731144153535 0.963473227901705 
14.90139569972724 3.4489573715888246 0.0 
21.790785782941928 3.0906522697767835 0.0 
2.131959791566671 3.006716534370745 0.874974410077675 
16.67898594532248 2.9271297573398996 0.0 
2.0 3.666309434134689 0.2788447909353563 
2.365890867543802 3.1339530765064194 0.9341079352561316 
2.653412613717735 3.1582412322524904 0.1632709888319932 
2.0 2.7857524174231285 0.1720799925198354 
7.822146708234131 3.038487341736487 0.0 
4.8038601110714225 3.1606364996638416 0.0 
