36.60528318031707 4.0336349560198945 1.0 
9.51539743858677 2.5506774009485143 0.6006919146606401 
47.15851801173025 3.1736885949588935 0.26150266911231207 
2.0 2.0 0.04907876797064881 
15.949219988067735 3.0202948246863874 0.5490787679706488 
2.0 2.763989998229596 1.0 
2.4508686347909605 2.8747939758039394 0.017566633172658733 
4.044529973705001 3.4952215306348275 0.20238908505364517 
2.0 6.084218788445479 0.0 
2.0 5.934659461409071 0.0022616167273725174 
2.0 2.0 0.0 
2.506901398997286 2.0 0.0 
2.0 8.755882853523627 0.0 
11.983286514524844 2.558606639971144 0.36967441378606364 
3.371734584505287 3.4963180771705833 0.9689947875902195 
2.0 9.570370091399658 0.0 
2.0 5.16639687610973 0.26894587693924404 
2.0 4.275202281312817 0.5900821142721364 
2.0 4.10577760604866 0.82318383049424 
22.735805833462294 2.7820279989855323 0.5390174830497572 
2.0 4.45447062622653 0.7307930165650276 
4.475241356929844 2.0 0.020456540139916067 
8.052380635468449 2.8789347693753653 0.005000000000000001 
2.0 3.428478509074659 0.5486297937197697 
11.414267913546087 2.0 0.0 
4.663229362083788 2.5057192013359253 0.5182636786931689 
26.617013576708146 2.0 0.0 
5.3091992841362075 2.0 0.0 
2.7711337940443976 2.0 0.09098687757923163 
2.0 4.05725700442741 0.6387017382449369 
2.0 4.110003690604833 0.5528344236564753 
4.105359272128132 2.427829002326001 0.0 
3.0892191663546447 3.3771410252434166 0.9522272074145115 
2.0 3.003421131265412 0.6656519313986966 
2.851480294228809 4.065249011253606 0.5747324599565029 
2.0 3.06774436150355 0.26850070555255634 
2.951798306869711 4.050807430964513 0.27321239427742366 
2.405011208867933 3.6937795238874327 0.7882522092029406 
3.324293968058469 2.7615889648642544 0.7153879542588352 
11.389770227362298 3.313964177281723 0.0 
5.1376392190435825 3.25015349449422 0.5795237991612109 
2.0 3.320843818635888 0.9099877560490208 
2.0 3.039519859449819 0.1740483726186024 
2.0 2.891810405676905 0.6127294420458347 
9.259265385297597 2.737921349380779 0.0 
2.0 3.694895575588837 0.2540053774502843 
4.532835163216933 2.778450485710385 0.6663210307171614 
7.942682071835515 2.8859116071472073 0.4717897431549166 
12.173888302439963 2.8152299264849785 0.6717277784786418 
2.0 4.488514442955192 0.4027675924781128 
5.962668665994329 2.675929033413637 0.6668820638679003 
2.75147054427595 3.3603579178615535 0.8753889807791817 
2.0042818118929637 3.1024371176915797 0.38664518595931924 
5.69580652012879 2.9789361305558484 0.0 
6.469253085252502 2.5272045724425576 0.9134164361547218 
