47.98999954245104 3.2495198967531547 0.12853475525295177 
36.289517164861195 3.524817230776203 0.7452513183665584 
11.786246273998541 3.1420147473932616 0.021556258928355443 
2.0 2.821976868568683 0.07463000918024565 
2.0 2.0 0.0 
2.0 4.162313969493597 0.5 
2.0 6.126838794624619 0.07848737538977484 
3.0167095806877677 2.0 0.0 
2.0 9.375757781399216 0.0 
2.0 2.005584035089755 0.004181511683863683 
2.0 4.43414723628554 0.5629325047297747 
3.8497894832949866 2.0 0.0018608975705848262 
23.130465779057374 2.5909284951196576 0.5220039551208512 
2.179847133158391 9.909358054343317 0.0 
16.196338154752375 3.0920903915960034 0.26257368501823225 
9.664935186758226 3.3491303499508476 1.0 
2.0001250150119816 3.2679361798323825 0.2868493188818787 
8.05 2.7083646238330346 0.2474051973251273 
4.71963697092929 2.49631004358267 0.0 
2.0 2.859614165729445 1.0 
2.0372651758743525 3.1201615270640852 0.18492332277038864 
2.0 5.837247184005183 0.0 
9.39603917928083 2.5237547850253184 0.0 
2.0 3.5981021116392253 0.638714509281995 
4.44374680983591 2.0 0.0 
2.0 3.986792026271451 0.529400811591302 
3.9152956685364906 2.8073074178861237 0.18078559321982815 
26.533958773802865 2.0 0.0 
2.0 4.125820396733953 0.2796193360923937 
2.0 3.0479096675996984 0.3798199020751199 
17.87334201768973 4.075879243841879 0.5269928495102899 
4.570142020476522 2.7005382920416188 0.6091825813974057 
3.019540499786971 2.0 0.08471149338827558 
2.6411991532080745 3.661877825895707 0.27897665339882616 
2.0663005689979235 3.625256864220475 0.38772081132374936 
2.0 2.8909684173956363 0.2407525316631137 
2.6549907575433687 2.6257191582852197 0.9303732950403625 
8.423320820136134 2.990672386287222 0.5091514374542593 
10.82184444051899 2.0 0.0 
2.118757265191034 3.0492112545829984 0.6159746504118453 
2.0 3.9729881106341454 0.7269947971422952 
2.0 3.4568891994190367 0.6715705485698114 
2.0 3.2873669741607037 0.5624923858992271 
2.430358547816965 5.291577756528824 0.28876502100222134 
10.595621984343435 2.9725542229373105 0.0 
2.0 4.245163236781415 0.8054798999007746 
2.2920320060779265 4.244073975056947 0.8326398469925498 
8.454898691326033 3.305474050742618 1.0 
2.798358553496394 2.698916679510756 0.8800411893147974 
6.301520410267788 2.7015847194937215 0.0 
9.522133373997876 3.130313721154143 0.5760733740516744 
