2.328211308227547 2.0 0.0 
38.40832434951831 3.992015946558084 0.5 
2.0 6.083065171814824 0.0 
2.0 2.0 0.00310032432259829 
3.213142666091151 2.0 0.0 
4.402819352176262 2.0 0.0 
8.21230509702609 2.780778736457732 0.004892538788502432 
15.742872945319682 3.1176099306462337 0.01984176258779438 
3.7434472278234043 2.0 0.014238862765039384 
2.0 3.0204389931363593 0.987589831828457 
4.843397385228806 2.1130391134262303 0.0 
2.1941210926349113 4.027609422015761 0.2536356687279665 
23.078421961107356 2.5295115791287435 0.17495379335140715 
10.716646355395035 2.0 0.0 
26.479814331308997 2.0 0.0 
2.0 4.325384474569836 0.6172660958331008 
2.8841167257774143 2.292534210953881 0.10608328397753014 
8.568995527401224 3.325942731071695 0.0 
2.0 5.72020513739361 6.213449490023904E-4 
2.0 4.390279515296791 0.3687649531001332 
2.0 3.2292767664373407 0.6639281452285214 
2.0 2.962344872803242 0.16692499800586974 
3.1618008787201197 3.7064554320524423 0.28140392424250643 
2.0 9.020433222707355 0.0 
48.37245137464117 2.537522105699149 0.9588926346760733 
2.0 2.653425332949004 0.2852542851446437 
2.1392540089497243 9.657582207565559 0.0 
2.0 3.2889604637027006 0.38535640738042376 
5.229052944320207 2.9175912184273454 0.5 
2.307700759148742 2.7812618445850203 0.25952795270270035 
2.030098725576847 3.9488118540060597 0.7774275660939844 
2.2250201525563904 2.7240617309638195 0.5270913158841336 
2.9431166284932067 3.3437189854058165 0.6889818216684499 
4.124874289365238 2.8699725229233177 0.20588913334329895 
2.0 2.688286407601712 0.5642888844075274 
2.0 3.167481279082628 0.006758666560989936 
2.0 2.725722379458144 0.6377554141396564 
2.006984767554099 4.577407179292708 0.2713451907143358 
5.533520114087767 2.8129587451558127 0.0 
8.129576145784402 2.8904473434453264 0.558436706925574 
2.228230921779266 4.415075802085823 0.571781855890106 
2.0 3.6982136162954777 0.5366823320253468 
2.212807148739607 4.090182800600688 0.7310733007854833 
2.542490320575277 3.520600618077815 0.5936991748817625 
2.0 3.7525806035833495 0.8414746280755039 
4.62141990639906 2.8019932928134184 0.7248149521820897 
2.0 3.2995272928530435 0.9284764213903135 
11.790730412995279 2.759265807787188 0.21604898876978673 
3.070447805615213 3.2223917356153753 1.0 
11.052878637940413 2.9338632118207237 0.0 
12.048604060991167 2.7921617832658727 0.8700588615643683 
3.258130327248074 3.375536439268854 0.5976670175774379 
