7.996871170203775 2.0 0.43578475431433567 
2.0 2.4106583472551772 0.18139323034502253 
7.2745772519720475 2.0 0.2956938593773778 
2.0 2.215918111635375 1.0 
2.0 2.0 0.0 
2.1057555291059415 2.0 0.43185099934058563 
34.069640160150605 2.0 0.38217468564753065 
8.05 2.238749876123122 0.6387217676546749 
3.8515133172719747 2.0 0.3771269801499896 
36.566986444564286 2.0 0.0 
6.387412839704272 2.0 0.9318509993405857 
4.633791345959738 2.3021021170104947 0.6983044744598925 
5.999243654026094 2.1346048376396105 0.5962965051277441 
2.0 2.0 0.5191346067921763 
2.0 6.877892815128923 0.07248520237348478 
17.163124807413418 2.0 0.721210237732491 
2.0 2.0 0.55 
3.9972021633879935 2.19489455699005 0.0 
7.209533053558561 2.1883003045354728 0.25343820802361045 
3.035256602556176 2.0459703252988 0.5225635858408346 
2.3881026994380266 2.4379911063589104 0.011558605292845192 
18.569071518296933 2.3876941600263506 0.5306703299686745 
2.0 2.0 0.9372396894222731 
3.2496077321886347 2.0 0.6020359788797465 
5.488688858661536 2.107111139857001 0.4637319926033219 
10.233504237501236 2.4376538961235537 0.5822659962814593 
12.888408220370735 2.523227839727697 0.0 
10.259686856036296 2.006988583655633 0.4837960008394929 
13.35557263537151 2.0 0.0 
3.0238749417725934 2.159991367675317 0.8241236282283918 
8.228128911735414 2.267852006376033 0.40129936831356317 
3.9481079674444173 2.0 0.5728535824466372 
9.432627745173459 2.0 0.7406686533136668 
4.678010751502461 2.0353370811760145 0.8177933067631851 
10.98509241022047 2.0 0.0 
2.598686608438586 2.0 0.5399120697097123 
2.558532312253304 2.26381087739116 0.5997094313253387 
2.0 2.0 0.8763526059243637 
2.2649443804031013 2.0 0.17410081722958598 
3.9091340725425314 2.1353842934916676 1.0 
10.105052948016692 2.0 0.0 
18.397668864214126 2.0 0.0 
6.882454475138905 2.02494894172679 0.5606580875594891 
6.373688307909585 2.0 0.0 
7.786896996062483 2.4993369582354394 0.9029631195791081 
3.125060628849835 2.132398487594825 0.8751956123411676 
2.0190601229285585 2.0 0.7300719700966173 
3.427736787895335 2.126679882531512 0.7477637867032343 
26.71317015829389 2.0 0.7617053447041078 
2.0 2.0 0.23526585734251113 
6.544182896264146 2.1261293908478964 1.0 
6.066744318306274 2.0 1.0 
7.6725896233039705 2.0 0.7607774573388218 
13.98524838381661 2.0 0.890371245637576 
2.2822138313524687 4.2137718392515895 0.21585519277545695 
9.309130852620717 2.44238324100287 0.42743752431663506 
11.962028663815078 2.0 1.0 
2.0 2.8193270589035624 0.16601944578815686 
5.694553779069666 2.0 0.39435920179836914 
9.243204529002345 2.0 1.0 
5.493668606261625 3.0687626151311074 0.04398195776939989 
7.107578878232135 2.071227599550573 0.46360754845496743 
6.687131669095245 2.285094576312956 0.8680562683206998 
2.661647933534841 2.010094596285043 0.9713962800495658 
12.548799951818085 2.010326018813884 0.923924618989067 
5.0101286298777925 2.0 0.0 
15.266822783677963 2.4203141218076523 0.8414453297791762 
5.577968530817435 3.1994135191763333 0.0 
4.756009839325966 2.082310997610289 0.317694524737759 
2.6052104902594726 2.0 0.0 
13.130657440550232 2.1158806624899995 0.514214681164345 
4.047352767176262 2.0934858506957443 0.30280694382570306 
4.273995337693695 2.0688695311191503 0.20792882378139407 
7.487998724281636 2.1011034794897183 0.0 
2.687665926402472 2.3997137935821886 0.19474532186545185 
5.418873515187528 2.0379706304016016 0.9794693453913925 
2.0 2.7989306913870946 0.3372649466193435 
4.143793268951099 2.1239723513263895 0.2535051697810419 
5.4976421932021085 2.000327349030228 0.22800225705759128 
2.6181628301532203 2.2877603574193364 0.31771899950219584 
3.181369319972134 2.0 0.12410480202884133 
4.69526966622344 2.0442859889973377 0.30610446963812954 
3.8490077245819068 3.3184980158852913 0.2969500084511997 
2.6621020346354345 2.063364547392302 0.4327042858136353 
2.0277979757757487 3.2170741474964313 0.041925910555073775 
11.267588381550409 2.999443315051593 0.0 
18.675148210205098 3.3695070841416688 0.0 
6.699406699242306 2.109909681731154 0.8365160596118115 
18.92954637601811 2.0 1.0 
4.34775593910593 3.2901677797511395 0.17764405218779944 
10.025810172641597 2.654484551282647 0.0 
2.0 5.907229993598944 0.40337873496788945 
3.346123001662126 2.0 0.3441577615506808 
9.657240941281529 2.408902811679829 0.9646319495532583 
2.0 10.05508975436326 0.34322714949092104 
7.950863076771979 2.814428752256797 0.0 
3.439869232997635 4.795712124568712 0.16074179565188862 
9.426595321353641 2.5892282071134294 0.0 
2.0 8.826146784631419 0.3075213173623913 
20.275777233536395 2.0 1.0 
