2.0 2.0 0.9433557634595654 
34.02825706050417 2.0 0.10746400745020512 
3.0334761760070847 2.0 0.6100182218392731 
2.843757942863938 2.0 0.9692934779362727 
9.825312711115501 2.0 0.49429477164037844 
2.0 2.0 1.0 
7.187322335197862 2.0 0.5 
2.0 2.0 0.5240396343361412 
2.6682819444232244 2.0 0.7900701979065894 
2.0 2.0 0.714009891049371 
3.0708742060632357 2.154910978738371 0.5357171449715598 
2.0 2.0 0.0 
18.52417752815634 2.1346697145800766 0.5685544260949121 
4.027568059000119 2.0 0.9681391400818746 
5.486561075117994 2.1017183446860375 0.1914048973930301 
2.0 2.6410117510666518 0.08009216214835513 
2.0 2.395 0.8685156887142061 
3.4792187947771 2.2625946538384665 0.5914784710721794 
27.33347188328282 2.036817715942639 0.7850016374415179 
2.0 3.216842486978085 0.026508603835924127 
2.6699028226927375 2.0 0.7402310606968537 
4.81913391322691 2.1308094536325357 0.8531921775832889 
2.0 2.3872062064581017 0.017271638983867604 
2.0 2.0 0.3213181211586363 
6.034215122029918 2.0 1.0 
3.232316641346761 2.0 0.5053008731794824 
7.342860219484507 2.247911822445422 1.0 
2.1410085218598627 2.218287985130063 0.5327716237575614 
4.190422262234225 2.170628083512512 0.5899222168561319 
4.642852201538526 2.0049474652249146 0.3603833809047946 
10.271270594434487 2.0 0.0 
36.34452042147285 2.0 0.0 
2.0 2.0 0.17914631364378417 
14.806860417952535 2.0 0.8335343783938305 
2.0 2.0834434749357857 0.1654622734253296 
4.080047114843115 2.0202707603207406 0.303408537768705 
5.147205683728124 2.0 0.0 
2.0 2.0 0.43378067021697514 
6.182957194557993 2.112627035947482 0.6421998286679957 
8.28971917048747 2.0 0.6333405324213319 
8.045668228134424 2.0451177474650097 0.48941674760305154 
18.289788679747627 2.1871528659802126 0.0 
7.142144303251995 2.0 0.541881036976824 
4.077850353486548 2.092228654362652 0.2955289703391389 
2.2033265122152663 2.1874156358037036 0.23041328453402515 
5.586118388148294 2.0 0.4192772621227007 
2.974538076019181 2.0 0.31390382838069475 
3.148608738518103 2.0 0.0 
5.304008305996499 2.0267453903883528 0.4600724149670867 
13.41709829738464 2.0 0.0 
9.882776841266994 2.0399961222986795 0.515162926805136 
3.6719375693349114 2.048497189845932 0.24734951192744004 
8.906822248302465 2.0012064895330686 0.3980728105155103 
2.0 6.384134364451512 0.4356732838371761 
12.084227941475099 2.4048407999103447 1.0 
6.737724114346548 2.0 0.20381792707672092 
3.062529315614731 2.0980108346232256 0.21055318149448524 
3.198089634361982 3.0091321423981654 0.30393483219724 
7.13132673440485 2.0 0.0 
6.001623800323359 2.0 0.0 
14.044000631535145 2.4845715974463625 1.0 
3.777529420053198 2.6462145372200867 0.20869451840195832 
5.1448743281847955 2.0 0.6982730152114746 
7.372255802799607 2.178107104701224 0.947508083225348 
2.905581313349589 2.0325072309742516 0.12892055192702545 
2.0 4.108147216687419 0.22338918815859535 
6.052570158472444 2.0025159385750504 0.8995799471287949 
2.759388789413857 2.1967103978459694 0.8819195844863612 
9.48899719832487 2.0 0.6835171054363396 
9.719333989142676 2.114483184084003 0.9260691513687896 
2.070212325951446 2.6377701248803036 0.31218249681020405 
10.60583376824478 2.175772275116539 0.32237820435267117 
6.852238472681207 2.0 0.8524837947353675 
8.202442728051665 2.0 0.338542299940912 
3.5437421610613544 2.2207934581680187 0.0 
2.0 3.3546311026486357 0.17659227646734124 
3.264346828527769 2.4873408011738483 0.35745526484548346 
13.48399468270783 2.0472698134423872 0.5239837807115266 
4.254867852178599 2.152037848131144 0.3936961723073435 
4.251537067375264 2.5405475208325243 0.2584346240663039 
11.48049270395876 2.0 0.0 
8.537723412998364 2.0 0.9113511111845999 
16.970382574986118 2.0756120323073097 0.8281474297296247 
9.268198741698496 3.032844637106157 0.0 
8.158613920192874 2.0661684614903897 0.7918542123820709 
10.179804728429257 3.4107548237163376 0.0 
6.376420601555237 2.8798296094185085 0.0 
3.2667169178385826 4.789749083702798 0.023018003894853544 
18.692946154106618 2.0 1.0 
4.5850560843476975 2.123886195961154 0.2569856728025645 
2.7536221972451003 2.4167054513318837 0.4221780159956864 
20.320449864702674 2.284354338289678 0.9660140668384904 
3.1396326614474397 2.9353664819048606 0.13110409114898153 
7.764511514336142 3.4796575754639862 0.0 
12.908385762061863 2.0069342181709073 0.9857580541705202 
8.405313142294712 2.321864335588319 0.8996922401486405 
2.525597447956442 2.706054757393252 0.012322228551939582 
2.0 8.981516322710725 0.26544056059725685 
4.648640132361726 2.0423431911819727 0.9878482551178246 
2.0 7.054764594010017 0.053606991776598445 
