2.0 2.0 0.0 
2.0 2.0 0.1825987712029967 
32.83172070501247 2.0 0.051642682061707385 
4.5027455348718775 2.0 0.0 
2.0 2.0 0.02755093303283984 
2.0 6.932109047781161 0.14020745257791595 
3.4647691653912176 2.0 0.5 
2.0 9.638731704319024 0.34679852531945493 
11.018330034303204 2.0 0.0 
3.4352116165454163 2.562117332857163 0.06558004623769131 
12.683337662439964 2.0 0.0 
2.0 2.0 0.5073155020654609 
4.476035172071644 2.0 0.21827271765687786 
8.05 2.6805830859021675 0.0 
10.437622163832309 2.0 0.0 
2.0 2.5160719230864244 0.32647889372151384 
6.392900315586032 2.0 0.0 
2.0 2.4074127523260924 0.24859422561567038 
6.791021868823421 2.1513157071189757 0.17805757650804027 
2.0145137680690266 2.739431396648107 0.023817575715937903 
2.0 2.0 0.5323522345945131 
6.6372663854129375 2.0 0.0 
3.03961395168675 2.0 0.3617870240039667 
17.921621753109797 2.0 0.0 
5.623551422723681 2.0 0.38072406122747887 
2.579653815808861 2.408958844403186 0.33796644894449857 
2.0 2.0 0.8727095135152144 
2.0 2.0 0.4427437299441037 
2.0 2.0 0.7090811958648673 
2.0 2.0 0.9966541712540302 
3.54800431048649 2.002317555397497 0.25926587639032916 
2.0 2.0 0.15929178147961987 
5.199979735798754 2.0 0.28764152121676656 
2.0 6.2315935926998485 0.38135933890130447 
24.628952084833188 2.1859423054886324 0.6746754120513982 
3.209912671473317 2.0 0.0 
4.637018976257449 2.0282301815559536 0.3380012530272221 
3.124799832978406 2.198764860554574 0.1484252738329293 
3.810234703665148 2.7816113929934723 0.2802557275119137 
19.20720457583085 2.0093629354207363 0.6678738767267471 
7.7804295316830405 2.301210749262491 0.42857454774143244 
9.470326120837344 2.3304445115340164 0.3376407555643783 
40.00293506004084 2.0 0.0 
3.595196761479574 2.0 0.35154462100169714 
6.757065863216669 2.2487200120336928 0.5237839777322401 
2.0 2.0 0.9327413005509135 
7.447292008694171 2.038627212704853 0.47827436067392715 
2.8432619208661016 2.802403290796379 0.32432748246693777 
2.0 3.8704123415770413 0.20270575093762613 
13.236840899814279 2.000035735601636 0.6533833636912694 
4.404003311257084 2.0448906461434526 0.5747215604052066 
4.347466355931257 2.0380226354377706 0.19364903344555448 
4.284310461057758 2.0 0.0 
5.160700529788266 2.0224127973065538 0.6905151157374924 
6.9479075840168685 2.0 0.8694644760853519 
3.0317555418594386 2.0 0.20358594251019746 
3.6516197230605285 2.0 1.0 
3.3521395681003394 2.498750129903639 0.8674210839206178 
4.696500541747817 2.1318509698225507 0.1943768303445686 
8.177214729549096 2.4394272247741196 0.6161136447382793 
8.820742818325312 2.337681160654582 0.5 
8.943030834027068 2.1708512912845945 0.9746321542140433 
5.836748410593401 2.0 0.6350249382723757 
19.984596975780768 3.2895797407980485 0.0 
10.24487187953578 2.0 0.5 
9.959203807236666 2.0110973424454666 0.48894365184088373 
2.5267610589617693 2.0 0.8149959997367469 
3.3404510577520385 2.02318547952611 0.5337748301469619 
4.599895379755374 2.0044276619880343 0.4800709842566082 
7.621306816918487 2.071649114928263 0.7265663356943058 
11.895872033869058 2.0 0.9309594427747597 
13.245177417145383 2.360287629238157 0.861546261403211 
18.968494615440562 2.0 1.0 
6.677488634623815 2.0 1.0 
3.867999596289522 2.0 0.3884185347189574 
19.789316876439052 2.0 1.0 
8.960850332612113 2.2351532617566154 0.7364230706326365 
4.99097049889804 2.1010237839198127 0.8704431496851446 
8.15732667755413 2.0 0.35844638230923453 
17.39183620616447 2.412880113394972 0.7983754243965921 
10.08421560750554 2.0 0.9719098899417832 
14.67134454090639 2.205795328044898 0.8067707943259372 
7.073471659522438 2.2799511973750235 0.8526806691580392 
6.22445414824733 2.0182197121163705 0.9917119831968132 
13.955578314475476 2.1849473338262717 0.871094991902341 
7.660423490964795 2.4467897699494037 0.8550577699673099 
6.0560588951482295 2.0 0.9298688521351638 
10.856806560710389 3.057657225551607 0.0 
2.947990404425536 2.037327925081475 0.9516829974892239 
2.6901845710027796 2.0 0.6339509121495142 
6.353765198907638 3.1509964878483894 0.0 
3.3308948653181734 3.455181664498071 0.16402493441715177 
9.772430485111297 2.8762181014606862 0.0 
13.267763822190961 3.495273518138209 0.0 
5.092227862965928 2.1526756429023206 0.9686591116755502 
2.0 2.678315705390048 0.08204902744751447 
2.6598326027854866 2.0 0.7494588790383578 
2.0 8.59361454393018 0.22514014514275027 
3.3317595923086336 2.008105313501106 0.5797252425614595 
8.976670739790528 3.426239736582862 0.0 
