2.0 3.615816371396733 0.3873011946655862 
2.0 3.401361643026392 0.3868819752181328 
2.0 2.0 0.03761911213979602 
2.0 2.0 0.1642002498346995 
2.0 2.0 0.0 
2.0 2.8288459164530657 0.41728645595762665 
2.3467599350407236 2.7850364759899695 0.23860462275525418 
38.38426486112875 3.932693440578894 0.30692484834984163 
2.0 2.5176845191376658 0.5490689528949318 
2.0 2.633158454571019 0.5986522141270012 
2.0 3.343821263177753 0.020397756069385986 
2.422071520717359 2.8408084528052555 0.6341314115888572 
2.0 2.503420490430942 0.5149432471321255 
6.223824627042005 2.0 0.0 
43.76443962726152 3.3180950629223895 0.20764302125697703 
6.686029858456569 2.0 0.0 
2.0 3.9941995412978692 0.0 
2.144877249508276 3.170589489491838 0.7203978959906021 
2.0115240258514926 3.2420705337643496 0.46178653338198383 
2.0 4.380507998116753 0.3243385457996998 
2.159058434474427 2.799146302996705 0.9491447433907338 
7.612949511735305 2.0 0.0 
2.2710425798634706 2.7410188097749866 1.0 
2.0 2.8699245558128803 0.7067369159133042 
8.386264332480867 2.9133460795323023 0.0 
8.934482920468625 2.0 0.0 
2.0 5.787808588785737 0.4622044282865096 
2.2687625863371217 3.1311767748211095 0.7755430796172824 
2.448587024917054 3.0582660730924918 0.8825926067072805 
2.0 3.1823895851290107 0.0 
4.836446930704282 2.0979611023654976 0.0 
2.0479907302489613 3.917052129683663 0.2962181294383384 
2.164075243467651 2.6982763322455465 0.6448840571813479 
2.194129670468088 2.768932224046014 0.1715535317685406 
2.1436844243509894 2.525380893370345 0.7994207417746362 
2.0095776362294373 4.777815848084417 0.0 
2.0145790556334835 2.5667407637760915 0.8548951214131794 
2.263675993971629 3.137460568316916 0.9102750192365935 
23.07034713579243 2.8313374046161 0.0 
2.263904432370195 3.0610509410335465 0.22347034120433434 
2.4943509348010293 2.464618270907376 0.11845169667346828 
20.88251622513136 3.3694106100635386 0.0 
11.809737574077324 3.034044138221032 0.0 
2.1503499966255015 3.204079843191113 0.3060203781881826 
2.0 6.376559700741756 0.21133664396798824 
2.6853932518570924 3.1877881571847038 0.09435413995536499 
2.0 2.718947094451937 0.36344183402299995 
2.7250216700858485 3.061234251133688 0.13614256043828116 
2.3593521240908686 4.421934066578532 0.14646031505113002 
15.15614911227979 3.476646098352232 0.0 
16.876047839136355 2.5743576276826237 0.0 
4.869116262933901 3.233709355756042 0.0 
