2.0 2.0 0.0 
34.244702492360645 2.0 0.5211432708453407 
14.333546382504867 2.0 0.8682000741946825 
2.0 2.0 1.0 
2.0 2.0 0.03278296271955965 
2.2538807686621607 6.518763022470358 0.12825463088711397 
26.798857109515883 2.0 0.8845907983287091 
9.035831480862242 2.0 0.9132010319578194 
2.0 2.01825711444604 0.44999999999999996 
3.403209550764619 2.677552544750662 0.047107944889473286 
9.333481096305494 2.2626487730061067 0.34679948423778695 
3.7266643068688063 2.0 0.27277831360534655 
3.042939032773001 2.0 0.0 
6.69290934876154 2.0 0.0 
2.0 2.0 0.5255408131825374 
2.0 2.0 0.8790270160358519 
6.732608428919145 2.0 0.8012392963304804 
2.724874289967005 2.0240429186644664 0.42118652171243465 
4.940984152178599 2.0 0.2932714803377505 
7.8805994797766985 2.0 0.5 
2.0 2.0 0.1804832334681974 
12.669227376616433 2.269851638717097 0.4948713667472998 
35.98988974064557 2.0010617950052283 0.0 
4.513335928330923 2.1448649841207508 0.3723392069416787 
4.871456646286954 2.0 0.9712860468524687 
3.368128648031692 2.009927805733142 0.361328979522758 
3.731368166978932 2.0 0.0 
15.379399891254664 2.4340878928387535 0.7828261163904018 
4.260010260579637 2.1628438721835592 0.3561092921875122 
3.466560855902273 2.0 0.29732703266815635 
9.125424178015773 2.0 0.7337027464805319 
6.33128444684009 2.0 0.39321464641506954 
7.377503215562498 2.0 0.47752598217242315 
3.208007242475043 2.0188965724736327 0.8994171166337535 
2.085692932531991 2.007054678444044 0.23901247345015675 
2.1885359538428806 2.5211110653260853 0.007100300295212185 
7.317882718560808 2.166346286900773 0.8816569010096564 
4.708242662423712 2.0190528253754487 0.22739311211830787 
3.414069142788681 2.192466956130703 0.1889908069374371 
5.726408202685349 2.000206111490745 0.9261819782957483 
5.742391873377329 2.0 1.0 
6.211248981599338 2.104201432182529 0.0 
7.787762815287019 2.085321599479806 0.7143434036109634 
5.288947787548722 2.0 0.0 
7.943213084705921 2.0072683627172885 0.35407354466055874 
2.0 2.0 0.530467651698648 
4.165834889626589 2.0 0.24303636818765562 
4.583056498247058 2.0002550504491934 0.6890450323728888 
30.91362375552869 2.1370862244911906 0.41265208202809445 
12.732104726943138 2.4870789030343357 0.8614643296384116 
7.5122631484717095 2.1744956315299437 0.8243499448712945 
2.0 2.251453960538046 0.15320457424542755 
2.0 2.0131073768688523 0.9438005512446307 
11.539906457866387 2.456254194419595 1.0 
3.845366442591752 2.6308060439235437 0.1632592547547238 
6.7866199764180415 2.244244381280438 0.5646986683522263 
9.623723190650242 2.0 0.41982142917109444 
7.2597076250801 2.0 0.9589852226661966 
2.694658031534494 2.011881788126244 0.1403779197070863 
9.766318807275828 2.262143839604672 0.9162674590921835 
10.001864092055563 2.290698466032363 0.0 
2.5955059876490685 2.0184794547674914 0.6075329285600036 
16.907407111975424 2.1683729992805825 0.6328681102987983 
6.135950047891207 2.589362692852885 0.0 
13.26406157985264 2.0 0.0 
10.813065993718105 2.0097973857835365 0.0 
2.0 2.0 0.7128283643554446 
7.474239312165513 2.049248309921011 0.2732588017520707 
8.526011043233385 2.6697727377976905 0.0 
3.3244156574836055 2.0254707608686893 0.49294313658298167 
3.3958326653999795 2.0 0.309582301892269 
5.36401263024472 2.129575643198341 0.4737355844312619 
2.9569945520903076 2.0 0.7950451131669574 
4.131927410570073 2.0346222323084002 0.601114380224979 
5.10207203778502 2.000068195078945 0.8593001444429601 
19.02758707297896 2.2032098689916464 0.6758155696428756 
6.392625515029724 2.15318607984509 0.6665300914286524 
4.465419098754344 2.0049882791882774 0.3251950932806489 
9.652759646971068 2.1287805562439424 0.5772318297023358 
2.5691340407350607 2.0212347669184223 0.95 
4.095156379977688 2.0 1.0 
3.3134566070625833 2.0 0.5362740707356881 
7.915892816160294 2.094471168584307 0.7007110036899046 
6.768787722781246 2.1282773997329434 0.19331088144030872 
13.377098390726061 3.2784912320424295 0.0 
2.7289631903385803 4.966525976879399 0.05 
7.611570605446025 2.795927221235084 0.0 
10.304638965085273 2.887714556423048 0.0 
2.0 2.738791334802529 0.11105468978468501 
2.0 2.5267142329451833 0.15975491670044575 
2.676612594380339 2.1113168330098206 0.5998290775192605 
11.229598326612907 2.920192133861815 0.0 
2.0 4.187137990755613 0.24165456708712774 
3.2514797144489034 2.0 0.738390312431777 
19.31095724865741 3.374224047755864 0.0 
2.0 10.176399368020704 0.32268559708127875 
19.058459102140834 2.4875669931365403 1.0 
18.24227858432252 2.218452853501498 0.0 
