42.040022995395304 2.638323491988381 0.05 
2.0892613436349112 2.68794767725365 0.8134025893375902 
2.0 3.332456219549871 0.6541899363476082 
2.0 2.982105895697905 0.8576341915734966 
2.0 2.5880307592571827 0.0 
2.2715529775653858 2.6317999764375277 0.4579050400487312 
2.0 3.345572425184779 0.9713856988652643 
2.412946472954861 4.142802880610139 0.3481737641756747 
2.0 3.4828107918429376 0.5612021730926655 
2.4666251294659958 3.313121093966225 0.34906104915285496 
2.0 2.0 0.037271557777867725 
2.4797304166145095 3.5666517939896227 0.35481160401695455 
2.0 2.216109242711685 0.0 
2.0682058025424843 2.5220841876644933 0.7166941501829746 
2.0 2.991706394635286 0.5048002719763698 
2.0 3.986017349526822 0.2852073745320738 
2.0227169113664107 2.8698079589555876 0.5988165212933407 
2.228050233433487 2.9246028379840685 0.39542453877131756 
2.0 2.137997002285341 0.16240766955769959 
2.0 2.5727452304571 0.8765028254249656 
2.0 3.4223671392149675 0.6064748435423372 
2.0 2.802406962467132 0.446405931277973 
2.0 3.066331211552592 0.05975777926643888 
5.294037894368827 2.0 0.0 
2.0 3.1227914143607114 0.25638134094823223 
2.4769405509946933 5.145497470424308 0.0 
22.954491791126543 2.925723660316035 0.0 
2.0 3.989779674787175 0.13898343054106452 
2.0 2.9033407027987366 0.7796856348259009 
7.115155424665501 2.0 0.0 
2.0439510913287666 3.097512694351782 0.6941819977610687 
2.3444129831995655 3.273321410400248 0.15868029827502547 
2.0 3.198288514667802 0.9894196481867856 
2.532503994771064 3.0582957275234315 0.12239129986305203 
2.6406852626019517 2.9087516435318914 0.06562227349548545 
2.1077225046412744 5.951901888548507 0.4847171986422506 
2.139007526903339 3.368606503312475 0.9209124430971294 
12.29868045118801 2.6331890446026773 0.0 
2.0 2.0 0.12036487610552689 
8.839444463111231 2.0 0.0 
2.0 6.426856439006046 0.19877936076293623 
21.405374707992443 3.153113890759134 0.0 
2.0 4.218577166226616 0.0 
14.861283212214184 2.806302683040811 0.0 
5.060028055978993 2.8023101989347445 0.0 
5.854975879165376 2.3988405749296797 0.0 
39.835675124800915 3.6079613955752654 0.05 
8.297117960338664 2.0296427033985127 0.0 
8.30864139296543 2.7313626238563917 0.0 
17.204029564984435 2.6749656976704625 0.0 
2.0 3.3959591678973755 0.22037643850934718 
2.170655003778213 2.6411201163551286 0.3263012231178967 
