2.0 2.8344530222184576 0.35469055064573884 
2.0 5.779499471402917 0.5 
2.0 2.0 0.0 
2.0 3.8898089513596474 0.33912212971335187 
2.0 2.7686763528555045 0.6338037081001451 
2.0 3.1012107517132144 0.0 
2.0 2.0 0.12515558306814056 
2.0 2.0 0.15211074527795027 
2.0 3.396399161937307 0.4913505026475682 
2.5320249810194437 2.982078911078599 0.07788172755837723 
2.0 2.0 0.025985268983638454 
2.0 8.824398106595968 0.0 
6.132561848048061 2.0 0.0 
2.294521088024921 3.3579318439296286 0.38519011670327735 
2.0 2.9981267236206084 0.02652205935458809 
2.0 2.9853625675641555 0.7684118864491485 
40.035326510421925 3.5460961655158525 0.08964539137775428 
8.05 2.0 0.0 
48.2751670542613 2.7406904411446114 0.5352511681857948 
4.859496616679831 2.0 0.0 
2.0 4.119759362094756 0.0 
7.165506759585142 2.0 0.0 
2.0 4.670885287086833 0.0 
2.170988543500054 3.132257371581009 0.3059519397244328 
2.0 4.142638861233316 0.28019822706827924 
14.037806012928055 2.3611241839224 0.0 
2.0 3.4080407955526 0.9855644822760011 
9.665503500687544 3.3082989972194645 0.0 
2.0 2.8734958230824574 0.8292008110158486 
9.200641936978785 2.0 0.0 
2.077628499385352 5.838057354393844 0.1940895892904242 
2.0 4.19606357420627 0.1151801153183516 
2.0 3.0104945393737244 0.9439875038653314 
2.0123831413784052 2.5705846482706596 0.23992618445547298 
2.0 2.82841513589471 0.6936874660139698 
2.4273592333496303 2.967263939341253 0.9358288816874594 
2.0 2.74459239038564 0.5829770949306624 
2.0 2.5599770582591574 0.5357006731023682 
2.0 3.000036851548117 0.44247859819195756 
2.0 3.4528846286224217 0.8023875743875533 
13.220190165053566 3.487883138781327 0.0 
17.773128313072373 2.2224367887738548 0.0 
2.1931793228292094 3.058545195901758 0.6715837281601662 
2.0 2.675468092690819 0.17561450570779402 
2.0 3.1065711643647855 0.886293649510794 
2.0 3.5346949056959005 0.36453211079907344 
2.11284142942237 3.495404117362859 0.1896499561362186 
13.579530157377521 2.6763260725498617 0.0 
2.0 2.621866690311091 0.7218623856662792 
2.47178363630562 2.5434715352169257 0.4628929367808663 
3.3578556991137947 3.212954807900099 0.13565921759663707 
14.854014847381515 2.8674868812514416 0.0 
20.68382780907129 2.5329159472220226 0.0 
17.00416875502564 2.7438030185013202 0.0 
11.11905059176733 3.2614379448036934 0.0 
23.466916626710088 2.5974267297934786 0.0 
