2.0 2.0 0.0 
2.0 2.0 0.00713791439329059 
4.685195708434577 2.0 0.0 
2.0 5.804584587331242 0.0 
4.070362686158697 2.0685622260039054 0.002251895017824578 
4.0909370383103845 2.0 0.0 
2.0 9.662156191215322 0.0 
49.49048220055708 2.5716486745461875 0.2278537029701102 
2.0 5.520218840377486 0.0060049118297865745 
36.469213958604065 3.874444410608114 0.32386677537963565 
2.0 8.722725574746017 0.0 
12.37670332239746 3.058236248842105 0.08837821369021415 
3.2362819561579803 2.3083902644037133 0.0 
2.0 2.631678295703491 0.030289532372087456 
24.312960003583445 2.8956734671340745 0.5302895323720874 
2.053324729422896 2.5005398839959176 0.38434398358097854 
5.0594919864209835 2.621725910490367 0.5 
2.0 3.4744258247220725 0.6582911185308218 
2.0 4.762434083413318 0.2531313458306591 
2.0 2.6548802399540046 1.0 
25.15596118850806 2.0 0.0 
5.9348701383852465 3.057386889997975 0.0 
2.110015852185409 2.5248743494934462 0.5490900338157652 
8.255020035528114 2.500721830593471 0.21740125049868436 
3.000227570565695 2.0 0.09907190743854344 
15.862241615645505 2.603759089962999 0.49742513039398956 
9.921044199906891 3.1252172711804844 0.6785635317603085 
2.0 3.8467975151158496 0.821966397273626 
2.0 3.8914285629148893 0.5601343453519536 
2.0 3.941487353713903 0.7782563894848052 
2.0 2.513547557074971 0.23492697615104766 
10.938597870134604 2.0 0.0 
4.811374904239494 2.7761711941145406 0.6154182806100669 
2.4333811882826506 3.0228489912416197 0.9150069514864556 
8.833345373976028 3.4530663327332887 0.0 
7.781037292531835 3.247626419525891 0.5 
2.1924567849472236 3.862877126503995 0.6435325446941323 
2.0 3.8025043234132556 0.6578031465093803 
3.080945464975059 3.2495624301761104 0.8328234069529539 
2.0 4.30709644055803 0.5365823064354311 
2.0 4.068187365280006 0.7355162601975704 
2.0 3.337994189289125 0.17629581665664928 
3.1067946115348866 3.9732848513317798 0.22618552467209227 
2.0163133385069725 3.329507468547107 0.6064287507909735 
2.3448995951244402 3.126271399388871 0.2751807677095259 
2.789045239747077 2.654751866708689 0.9710385693150733 
2.365045838791311 3.961946711313233 0.2747092288168974 
2.8983707220594823 3.193319568142771 0.8441360225120609 
3.0524135862274617 2.853607091317288 0.677133005281274 
3.952676229146996 2.6585569277865417 0.15179546873164002 
5.979130839767281 2.7711865457443667 0.9961575069611921 
4.587259707496237 3.4398597583810817 0.7326358818864568 
2.0 3.840272589976646 0.3701957302660642 
11.295033829381248 3.2442915825950935 0.0 
2.800217895549034 2.649851155761868 0.9213620213007839 
