2.0 2.0 0.0 
2.0 2.0 0.4294963497564608 
2.0 2.0 0.9354577914872104 
33.39527655467576 2.0 0.5106260772486586 
2.0 2.0 0.021338117056500294 
4.705722607216184 2.0 0.0 
2.0 7.425799960033256 0.09713027045818416 
4.891734808817873 2.0 0.26340666190556883 
2.006659086911632 2.0 0.9893569280340258 
3.1352236293652123 2.0 0.5 
37.60141917034512 2.0 0.0 
8.109554473030007 2.0 0.4616002060878415 
2.9843203481372376 2.303127654166989 0.8739186769270356 
7.2664519994751835 2.34791125283835 0.4789147715319226 
6.484560626789097 2.0 1.0 
2.0 5.95 0.4116762256750053 
2.0 2.0219362056959054 0.16776774192390534 
4.730693364221022 2.0216580463136324 0.35168459268079566 
7.6213934393622305 2.133012667318075 0.900215736959807 
3.5656360885852045 2.0 0.0 
2.0 2.6580858053547494 0.3089984740095957 
5.208838666310981 2.2629782052366383 0.45707155911379327 
2.0 2.026193066866973 0.2514241435891012 
4.482483380024455 2.0 0.20964827703939232 
2.1235902495317394 2.0 0.541426023964453 
7.176820643501542 2.422517937680129 0.24153350365642784 
5.895420637368797 2.0 0.0 
3.954577125939119 2.0 0.3007453692591132 
3.8299787835058727 2.4392322362544943 0.3726417789149737 
3.1683954231882003 2.023996102525994 0.5443358175771528 
18.241511669332098 2.0 0.0 
2.060502178119839 2.0523481011088522 0.8686290260609795 
2.0 2.0 0.7154689227589743 
4.149612978341391 2.0 0.3494890759779363 
7.040221121602013 2.0 0.0 
5.413032477642826 2.309786079709684 0.8585986049841055 
13.371391017234522 2.3948628411498647 0.5 
2.8925358838953685 2.0413815759659726 0.940446088317711 
6.375294143213098 2.0 0.9047405205380658 
3.3956361425400905 2.042111750752613 0.44248923412468943 
2.0 2.0 0.5158524253053521 
10.778961179122467 2.0 0.0 
7.280277453838322 2.0 0.9640797321031228 
2.0 2.0 0.1915374205989424 
3.96731037438095 2.0 0.9718405035753497 
2.0 3.205910890398557 0.17872078744946843 
3.416835270917544 3.4570505956688393 0.04122500715617933 
3.295659760667559 2.0 0.7479347275223408 
6.779956337266661 2.343093197409802 0.5481217066328323 
5.596422822124093 2.01707226466355 0.6274415428009588 
5.119043851108673 2.019316486688837 0.7109494984805894 
9.600590071730831 2.0 0.0 
6.937604903535834 2.0005935287003997 0.8566825279346184 
7.151748519096309 2.0 0.9223864991464369 
8.270244974040857 2.6242743410344582 0.0 
14.350830344180803 2.0 1.0 
2.0 4.058930758903226 0.24812138474455964 
8.792967874764727 2.9400870170946405 0.0 
3.2098582488361522 2.0006709948687935 0.21349146180282894 
19.407384203211503 2.0 0.5450813799837807 
7.616565694190618 2.0620010760254357 0.6439585731554502 
4.966110523185446 2.0 0.9727424192036822 
2.8632736713276934 2.0 0.0 
2.0 9.60236759597668 0.2786055758984961 
9.614654615353984 2.0 0.5 
9.273428030858454 2.0 1.0 
3.2848117818489055 4.918255425431018 0.01690160067441522 
7.939276398137057 2.029441465663296 0.7381520569449966 
2.9620567530906046 2.6467343038278695 0.30917112971791844 
10.067812319232237 2.03606395362817 0.9139170225668806 
10.897550320661864 2.7096923825750263 0.0 
12.767945526519101 2.0 0.0 
8.604321247352669 2.308508178657923 0.7186092764799393 
10.40416071545013 2.7678255705015014 0.0 
12.280410099049424 2.0 1.0 
14.99659845168048 2.0082831388697 0.826919288171617 
13.275619793012659 2.9648763616536744 0.0 
8.910092100733772 2.024332796904012 0.3603539778650129 
17.267199920947352 2.0 0.6385555262222107 
3.253055887843476 2.0 0.3390702481957715 
2.7624577867856495 2.0006438802940045 0.8106115350961218 
3.101315404059622 2.129613737237648 0.3373302546894973 
2.861111634225054 2.0695218801096846 0.14568920398004276 
3.989339697668865 2.0 0.5775393413701552 
5.856828135132975 2.0116791568152683 0.3764652218579605 
12.638294716653448 2.4552731793006117 0.8283075122563719 
3.8695697935874307 2.62119046810883 0.18370420913607532 
3.316453815798316 2.0362289572460353 0.6299940034728795 
9.701164989512606 2.003549989096194 0.45653935356287645 
4.329101668532125 3.303814973595119 0.2662341361767554 
2.0 2.538926779713796 0.049662954081971904 
3.2836310961972277 2.113240306367026 0.6011356259691265 
18.99564101955063 2.0 1.0 
24.544380248866467 2.0 0.8889012609444439 
18.79597411540046 3.474673901671471 0.0 
2.7999885552547568 3.170864459309205 0.16530368307324791 
5.524529708977741 3.1523283848410726 0.0 
2.0 9.126260737497763 0.22375153796003444 
20.37435472589722 2.032008359842166 1.0 
2.176700292035983 3.1059560328596514 0.07641362590707926 
