39.652353136044034 4.40606659580973 0.09817345806097377 
2.0 2.0 0.004814244042317707 
2.0 2.0 0.0 
2.772449963479927 2.325358951127865 0.12332977478804277 
25.296973290334506 5.95 0.09066685782037182 
2.0 2.0 0.7592630679632677 
6.10133952628642 2.0 0.0 
4.216181864676068 2.184563482365966 0.07194808219593646 
51.55715435003946 3.2326745539785744 0.0405396741355738 
14.930630956402876 2.093542832478809 0.441706849016928 
3.318236920302078 2.0 0.0 
3.3163989533251303 2.0 0.6927919692505515 
5.082144345890423 2.0 0.0 
7.062405920756648 2.010877900344535 0.0 
17.753819563436902 2.0 0.6588158722010603 
4.4863697884233815 2.2244092017733834 0.28398824316539306 
2.235739693244051 2.985881094608701 5.408209658889173E-4 
14.23585268139954 2.0 1.0 
2.0 2.0 0.9287657185507667 
2.0 2.0 0.7241774781190367 
11.5786826340566 2.0 0.5694902631856842 
22.996457355237837 2.0 1.0 
23.178954139381805 3.0428033849587828 0.0 
4.235888523887956 2.437045262558634 0.7874890100172325 
8.549224528013276 2.0 0.5275410959780278 
6.006121223448174 2.3376097628398167 0.15002852992555105 
2.0 2.0 0.7350108434321606 
6.912112644365103 3.085118564933338 0.0 
7.87456798506937 2.000003739565089 0.3296270535349448 
2.0 2.0 0.8451527852375368 
3.679458416391345 2.193126847598883 0.8537065074586052 
6.0284860932275075 2.0 0.7284654817870809 
4.845598383650458 2.0864094223135767 0.19550043540282458 
13.287680853346352 2.9562637721431635 0.0 
5.664650073852373 2.0 0.9651170587728599 
3.1758968809721537 2.0 0.3165557088894613 
11.080620989714557 2.0413771747240563 1.0 
3.102975345424477 2.4144211203580794 0.08063590846873467 
6.578937429642327 2.3994187714154727 0.24245671416054382 
11.244818803181474 2.0 0.0 
3.1195928953774543 2.4203745612847523 0.4879832860252724 
10.67022445363789 2.0619052888398475 0.2898393258516506 
10.512341781834849 2.5559530665440713 0.0 
20.190236287737015 2.710404996993023 0.0 
2.5220316541644303 2.824909806953781 0.5845375360379783 
2.172515714975643 2.5393518696448596 0.8960830839178823 
6.291568452375287 2.0914635441879272 0.7712040883069411 
2.9225140904570934 2.1396443637782285 0.7290072716880939 
3.0143239213034465 2.8565038680737382 0.6290661288158113 
13.871855574561133 2.2692857760494665 0.6063983358445906 
2.0 2.547054922809853 0.09604034089728766 
17.196327362796524 2.0 0.8228751908170538 
2.8236795259979477 2.3598791446372998 0.8437785274235878 
17.63094659824144 2.4695991221201856 0.6868491899959485 
3.8064799452851146 2.2369389263908808 0.9062398668355585 
11.474834785824292 2.0 0.8820962583668339 
2.6618963271446736 2.373826605010827 0.2244898651239008 
5.224121189197725 2.5630466324702255 0.8874361139364147 
13.065993790451337 2.0 0.9689927566327916 
3.469622173656515 2.0 0.8243431407874532 
9.82020242482223 2.4275615037235707 0.6773827926007695 
3.523408341856041 2.810036702680269 0.42667069495206394 
3.461533786565682 2.624905798162687 0.739306706876206 
6.494053677461674 2.264259205717763 0.89149841030234 
