3.1052023493873406 2.0 0.4660460099421453 
15.166824083728123 2.0 0.5249802950405139 
27.389833216881595 5.717477065096449 0.7219151148212208 
2.4358597061851626 2.0 0.025420389974412073 
2.0 2.0 0.0 
2.0 3.289208496621744 0.0382273703854793 
10.886707905021826 2.442692293821336 1.0 
60.65825084644194 2.6359471323853003 0.530709906398072 
10.105250692420036 2.2521372741206167 0.6744380240766973 
4.480286375617251 2.1999921483670217 0.26888787391038843 
2.8415508728903123 2.0 0.0 
2.589661011016913 2.0 0.11190279366936214 
2.7873652554433583 2.2382447413332267 0.31994903041052275 
6.410067336255113 2.0 0.8054791417199946 
23.780450846749705 2.4342721461540027 0.8935732682922353 
3.1837223759308975 2.3100465857663606 0.18973729716227716 
8.994180020482503 2.1205049464488517 0.5 
2.558144287266594 2.8826303337614543 0.5662782982997507 
40.45965341780388 3.841582967043277 0.5190414858352126 
2.0 2.0 0.7596723674829078 
2.0 2.0 0.837230854481473 
5.662179786457482 2.0 0.7101355694992378 
6.065716147923862 2.2638637893061238 0.8195333047828602 
3.3862080692029775 2.437758538639936 0.7358509986435168 
2.8725165370914922 2.4235916814191056 0.11285298958274642 
13.13153037598642 2.3969216977194443 0.9716656604326348 
2.641328172784565 2.6613891544880515 0.6676757974205674 
17.40998748096842 2.0 0.7705157565442431 
2.6791724704887416 2.666090936782278 0.7000233513734703 
14.312148598780539 2.0 0.9386993307149478 
3.5804535369284247 2.6761121011881785 0.4463220537020389 
2.0 2.0 0.7499779469152575 
6.283268311985318 2.0 0.9518518060248693 
10.869850909943422 2.482617398770427 0.9143466419129707 
11.207179748119135 3.0211839311224935 0.0 
14.179753982741602 2.1394374956093096 0.5493662310641301 
2.205081502762693 2.0495450808712925 0.7167113593747809 
6.053030943081905 2.0 0.17257670342045361 
2.0 3.137003358765037 0.10958205147597327 
11.993638285085439 2.0 0.5 
7.431930614328303 2.0 0.0 
18.069947888789784 2.1746966157170675 0.8227230852003502 
5.8865196394826125 2.3940361617321524 0.0 
6.544794967276625 3.017291326545692 0.0 
11.18635093862781 2.0 0.0 
18.08776111974079 2.3193013960701276 0.6179499514947268 
4.6561189683046855 2.0 0.21692697944369854 
2.7575204864532274 2.064973096040867 0.7960664363031862 
5.48574953469116 3.0237861790816036 0.9070961775016516 
8.250764732958359 2.0 0.3103383152632046 
3.972988794099543 2.1053810702914513 0.8149046801592715 
11.465302142865134 2.1886586946736966 0.2756438247952547 
4.232668023614494 2.0259249399800217 0.07723692329586321 
2.8902358781770747 2.7841757462736925 0.7338439061023477 
2.0 2.0 0.9230240546558417 
6.614300998500781 2.0 0.18140208473298042 
2.7749637297558243 2.16464722704381 0.6807877190033341 
5.461422904224484 2.0 0.0 
3.5319927820878574 2.0999324567799817 0.7688338192321917 
3.735154568915072 2.0 0.8702511549063032 
12.690563412029139 3.4846056079458383 0.0 
2.7093658001575918 3.055166023855848 0.8027657969800471 
