5.610380161297371 2.0 0.7754670342437893 
4.076912548629354 2.560472442621695 0.3919275268249574 
39.941044287015785 4.394958481656687 1.0 
2.6497581706370874 2.306476306301141 0.4657048830991856 
2.0 2.0 0.0 
17.915052068256237 2.243050729915483 0.7486434338815735 
23.723420268319618 2.361689978600345 1.0 
2.0 2.7067232577350637 0.09740800357197776 
5.681618859569127 2.0 0.0 
3.4821616025370585 2.368087442003498 0.7500263942562637 
4.167467560221828 2.2116069422779803 0.8332310634778688 
2.0 2.0 0.7062954046985325 
8.05 2.0 0.3123359677950514 
2.0 2.0 0.019849835147270622 
5.708698362219074 2.0 0.7240998175961539 
5.705289606694223 2.0 0.8498826659855718 
12.439046819430924 2.0 0.4772455075591957 
4.788610152611248 3.3894893035547167 0.8815948567046304 
2.0 2.0 0.926756041457728 
2.0 2.0 0.7646764764596681 
6.753013659080665 2.0 0.0 
2.971338536194861 2.388054829625484 0.08272793641194873 
2.351001337957923 2.2055393866334847 0.8318443962283053 
2.3871355853399616 3.344074093871143 0.04895032867791381 
3.0760225894896776 3.2790425680293978 0.6160637301294697 
3.8386301562239997 2.0 0.029986169032926023 
3.952879805878256 2.372696251457123 0.8676797981430909 
10.392166060473913 2.1902636236701616 0.7430166163735672 
5.35610391924035 2.1622137349771835 0.20398214742162432 
2.5960324719524968 2.7742805142381806 0.7310381802537331 
14.691604714468438 2.0 0.410210506269955 
4.2949218171928845 2.0 0.2699213743745963 
13.093472575193843 3.154729146344633 0.0 
12.755860113509396 2.1299068384506072 0.8372376922823157 
5.013795228362319 2.0 0.0 
14.079540305461494 2.0 1.0 
3.1651059456717494 2.0 0.0 
2.9023542492256365 2.0 0.1400639544801663 
11.172174318412896 2.0 0.0 
6.031343367558174 2.2117843527223426 0.17915893999063454 
7.196464133407693 2.698933387120875 0.0 
2.770327505427401 2.4351100644740615 0.7113752717292465 
10.753882146633018 2.0 1.0 
9.176729532049599 2.0356075458971405 0.47575105888981106 
3.0594796964060333 2.055659168983595 0.200805075024628 
2.0 2.726076691903365 0.8511141862114271 
2.0 2.0 0.7499771856486165 
17.00807530036615 2.097288251536086 0.684304143273499 
18.380058644713472 2.0181668445482996 0.5 
2.980196349796116 3.4336795939581224 0.676331212617882 
11.122832992573175 2.1032265459916455 0.8182768267421003 
13.701184688879472 2.139994295971064 0.6700949488815432 
10.961943286522716 3.1715512044560676 0.0 
3.4162821979512596 2.1715948200195014 0.303253193348871 
10.941451196717567 2.0 0.3988475469050641 
2.57153331630167 2.0002055328394177 0.820793173404776 
6.635548995063834 2.0 0.2536734573846986 
60.80830173154824 2.91776237221723 0.4924531837283529 
26.254614663891694 5.558338940890472 0.04963441307425506 
2.7601372621976643 2.048384196648517 0.8466073963770643 
23.240939788940114 3.2049414630041584 0.0 
3.634521110228227 2.003323123167333 0.7690050313180543 
5.627862750385921 2.0 0.8958570669011807 
