2.185978659861725 5.144113757736639 0.0 
2.0 3.637836993640152 0.28043045640828435 
2.0 3.499666606370668 1.0 
2.0 2.0 0.0 
2.0 3.05078204368108 0.20588645826236193 
2.0 2.56273652442055 0.6102711656806292 
2.0 3.395180214545854 0.8958145921116409 
2.3489876362847752 3.1638890575443073 0.23682738193783498 
2.0 3.3920505866205994 0.5 
41.81152239384838 3.4289843871287946 0.39151789613466376 
2.3325107234124505 3.084537491176822 0.55 
2.0 5.819200854904586 0.48930940105881615 
2.02896007805748 4.435169536626137 0.12093341679438152 
2.0202476645678087 2.2136849412667683 0.05 
2.4073925600386445 3.640424937877665 0.0 
39.603400473994554 3.7349747697737277 0.5 
2.0 3.294270676083409 0.0 
2.019817207579781 4.466610176620948 0.3603559764192067 
2.001725919545387 2.644518170240099 0.8581535893349324 
2.0 2.667395713747368 0.7545360053787921 
2.0 3.469987479431985 0.43537869681562086 
2.459945918173097 3.3158228902880538 0.05 
2.0029756653361965 2.8967247137529 0.9328648707130821 
2.0 2.0 0.16972273791232562 
8.777138839777221 2.0 0.0 
2.0 3.9642572517417545 0.33938502429891737 
2.045119300695025 2.669686010212022 0.32030678090626374 
2.2253228111765506 3.203132228018139 0.1574725435311373 
2.0 2.7471070927849084 0.9741595249030228 
2.045439400553236 2.8653939586340402 0.35062100123723494 
2.0002202249147425 3.31402024314903 0.4694382010855679 
2.0174196930347534 3.3780719085425206 0.5690718576949809 
2.0 3.1534974639472075 0.667488060330566 
2.0 2.6791911617897126 0.6760032734544485 
2.0 2.4258970002331535 0.12273088728090376 
5.372260663189335 2.0 0.0 
2.2453449636798917 5.540200835409488 0.17600327345444855 
6.744793196785497 2.0 0.0 
2.9617261850082617 3.122939461293127 0.15722831282401395 
7.829255977899983 2.0 0.0 
5.8807298878540575 2.0 0.0 
2.0 2.502499997991902 0.3909902047973715 
3.29133528398705 3.363203061482825 0.102166391540874 
2.0 2.78271346245724 0.8057811236478564 
5.4713044451203015 2.669108628205115 0.0 
2.0 3.0894108157334017 0.718955659891422 
22.752901574540438 2.768359267007371 0.0 
7.516244641368745 3.1132115702726075 0.0 
19.6115758729584 2.5383893928300183 0.0 
12.050566712636584 2.972183650599299 0.0 
