26.80752478307249 5.579341520869633 0.2859975382679065 
36.72627691624755 4.261801603736052 0.33315917854609856 
2.0 2.0 0.0 
5.243253380241875 2.0 0.0 
4.126182509312342 2.0 0.05269918649137528 
2.2176711443018835 2.0288599065017348 0.0021117987306150665 
7.184082789524099 2.0 0.0 
14.68613185209269 2.0 0.4032551058070748 
3.4627210579020535 2.241398976754836 0.0 
11.156208308017792 2.0 0.0 
2.0 2.7258963118725035 0.0014001609540745114 
57.41967366493432 2.7665298276054493 0.5 
4.141216787041186 2.5121335013692403 0.4123031825670011 
6.6569078039252645 2.1136461767232646 0.2507926027362197 
8.992994307368528 2.1113450830405145 0.4499941642751702 
8.106482840748399 2.0 0.30904745577515114 
2.0 2.234091039342997 0.7343910708391361 
4.861812301323289 2.4191675684550806 0.23016609545750266 
11.982800668286611 2.1748127807865276 0.5 
2.0 2.0 0.8513235496536256 
6.244474756692014 2.0 0.7848473205109459 
2.0 2.0 0.7628561713444892 
2.0 2.1223422549856097 0.7231394847926843 
4.425192030643721 2.0 0.29234388466573014 
2.0 2.175246723718964 0.9127842575945059 
3.798131250749941 12.171415842354058 0.0 
2.9654337890087916 2.2755553980608316 0.6912204180059923 
11.47043757619603 2.352636117429151 0.35020291165178685 
23.248225773528 2.0 0.9653590906538608 
18.00118609703729 2.0 0.5 
17.535662626508206 2.092731068665878 0.8198075411342571 
6.087877513094626 2.115517865505251 0.6713015517846558 
6.497864099102797 2.332883081445959 0.17070958371406447 
13.88881862714286 2.012991908008035 0.9117787990340586 
3.2756700077295013 2.0165974392700092 0.08041867227731479 
3.250659061927318 2.7292242267576796 0.722271296952798 
2.99361295754716 2.068567195186894 0.12122688552706466 
10.343365906252808 2.0 0.6467742721109238 
3.9063203201968193 2.379248809843008 0.8967270360661744 
13.64039447968804 2.053584861134707 0.55 
3.043485929638932 2.7767884828662535 0.6176904939699066 
10.766888784341791 2.8461544600065043 0.0 
20.382929159503572 3.3985173636313646 0.0 
2.9965756262866714 2.0 0.7463747576361841 
3.771445313798195 2.3645155721542435 0.822644256965393 
12.518787561029095 2.0 0.8428680037173963 
3.288297630750943 2.821735743221357 0.7990561190190808 
16.72299203928753 2.0 0.7069785900723924 
4.406597689796445 2.2056606085600396 0.8000978218948807 
2.813866072596859 2.1192916586427173 0.22128780771396267 
6.092535013923375 2.0 0.9107188129396233 
2.8912945852786 2.0048197226865874 0.48379295940263 
7.08229539940624 3.454524562531554 0.0 
23.814117163871256 3.3119945757344613 0.0 
5.876878715997625 2.0777105370725906 0.0 
12.68152452515426 3.0352300308932723 0.0 
11.391093029305901 2.0 1.0 
2.762732428372361 2.0 0.32685813804334185 
