2.0 2.0 0.7059292616951407 
9.878717350858778 2.0315470522429333 0.6272994598942072 
60.967436967478776 3.499216709573912 0.08215873374113164 
2.0 2.0 0.842268985830826 
8.835635939720316 2.3971538894826234 0.5048096502845021 
2.0 2.0 0.0 
2.0 2.0 0.004809650284502087 
11.069554679321678 2.0460199249980073 0.3990893282364465 
2.5215647859615444 2.0 0.0 
2.0 2.0 0.7710181246606814 
2.0 2.351765490607686 0.9194023242693365 
2.506909818156487 2.0202193638012824 0.10347537480602383 
2.0 2.0 0.7463405275545691 
2.0 2.966774651945764 0.06107051706340347 
4.635934016847651 3.0015070040600254 0.8993995547404952 
17.971947591560408 2.2488738259254615 0.5 
5.656907691843436 2.006337021333923 0.15944377350124012 
3.8885651596502164 2.36224532130987 0.7846572439388294 
3.85751104870033 2.0 0.8472321076455638 
3.0653580459901555 2.018056847051688 0.7156453486137345 
6.332378155674966 2.0 0.673199743091219 
6.079319399465623 2.0 0.0 
2.714262347410449 2.0410270286892374 0.6924168684820233 
2.6596566248879805 2.0098828993392006 0.1464794583485649 
3.8032991681162773 2.291607941164467 0.8977112720079246 
6.584317654136029 2.0 0.0 
13.67112905658319 2.046940337835813 1.0 
10.872807260664068 2.0 0.0 
10.842226878421902 2.0 1.0 
14.994084576773592 2.072253601679467 0.4656827194231829 
11.523523057927417 2.0 0.5336488756512612 
5.365305959302642 2.087161989260469 0.22278227115493543 
24.444336906989413 2.136231078253572 0.8801227558730423 
3.638278643400251 2.0389953270281755 0.0022419139982108307 
5.508702824236492 2.096752514663709 0.8744674738646773 
38.67389428459114 3.918797276779161 0.2446313660073146 
25.80412801268243 5.779871929167451 0.5 
2.0 2.9243966721203125 0.10344773031470728 
5.0670626726950285 2.0 0.0 
3.700971162107269 3.3075681045720904 0.4223853193771394 
6.222714455657181 2.137774134727515 0.7957094536227336 
12.967214669316885 2.8720337728788774 0.0 
14.2119844050385 2.0 0.6268165284463236 
2.5977514796065373 3.1347926070806937 0.5950370768679765 
2.764834141927665 2.1148175327006222 0.1907341724299955 
6.754162761815025 2.3963573625058356 0.2045121041228256 
12.727835217135295 2.332152250083067 0.8437736820749908 
20.017986329903547 2.9312148094345423 0.0 
2.9406826496777265 2.0875645392782856 0.33254715516992783 
3.088705278508179 3.3083222055622663 0.6537465785901069 
3.3442858706221514 2.645483193491564 0.7096274979688748 
3.329399900392475 2.0986751883283365 0.4746090578238815 
2.6751259207696725 2.6990127564309248 0.7373676400717518 
2.0 3.021520793697045 0.8878886625434369 
17.04895484471362 2.0 0.6530567809647381 
3.702672844535834 2.027985712084927 0.2536684666028156 
3.057087623415093 3.131314966286671 0.8344658761100783 
7.885653311763179 2.0 0.3344658761100783 
10.579989222608088 2.0879376132589553 0.8447432872881004 
22.560028390474663 3.169354846583423 0.0 
17.983528549389067 2.190025740155754 0.7832613850945023 
7.43919499335243 2.6142680206362856 0.0 
6.210743903925868 2.0 0.9264315600072255 
10.691750500357875 3.0290751567579055 0.0 
