2.136142012569641 2.581084864201921 0.34952587111174815 
2.0 2.0 0.0 
2.0 2.80592606244295 1.8210669170326543E-4 
2.0 2.976092162330731 1.0 
4.83638108648391 2.0091822627483436 0.0 
2.479299349281332 2.0 0.011238285766609745 
2.2359912283616348 4.316346759582226 0.34441421797094607 
2.0 2.0 0.11283005657426359 
2.09214562079585 3.5610846588241185 0.25979862506008283 
2.331584382280435 2.030363081983408 0.16143209282259746 
2.0 4.194835558680985 0.0 
2.0 3.4286423099093586 0.20236566879841433 
2.0 3.2684483977572985 0.7259319039880145 
2.0 2.6058205051842673 0.32136673276540856 
2.446989303658138 2.8620314326767105 0.6479515950425914 
2.2473454529672736 3.478939027826625 0.41714965555476563 
2.0 5.391960073303827 0.0 
2.369059104642605 6.384369533459155 0.20353023461472697 
2.0 3.3123875308718866 0.0 
4.806075254955347 2.551836156158757 0.0 
36.889312686776506 3.9523966556039865 0.5 
3.1510548479876 2.6804241992965183 0.06704496426452308 
2.1566873541491773 3.1890005877613166 0.6950804776461299 
2.0 2.685288626037678 0.5472561656663802 
2.3173145326120856 2.9249069874615756 0.9576202697991946 
2.0016595165583575 3.2341857367453435 0.16970406103954122 
2.26353431241232 5.9367853354960545 0.5 
6.4413325754266335 2.246008493867647 0.0 
2.0 3.3046900213540726 0.7970188853177693 
2.0 3.176466417989703 0.8331843717608483 
6.715541717706907 2.0 0.0 
2.0 2.8200688106377805 0.7664165137912451 
8.385427979646105 2.0 0.0 
2.0 2.6089674380518204 0.8679850414680355 
2.4382531252772 2.7874958349455827 0.4120844453409514 
2.3692043446018523 2.6358633410756696 0.5021551172931612 
2.0 2.93585295657445 0.6118686594606864 
2.0 3.4608199559001513 0.4866171539454577 
47.41123220327806 3.04027510253338 0.46656757864342313 
2.0 3.6239945273246836 0.35532395653207016 
8.25433822242355 2.6105578022441924 0.0 
2.0 3.4958078269239543 0.2501469888890992 
2.0513935621635326 3.1521545523438856 0.5705575660463109 
2.3163574628783667 2.9208327300060715 0.9213077199781603 
9.077514807223995 2.0 0.0 
2.075640839106054 4.032622285808124 0.13078780553120434 
3.0529554204396536 2.7551659354640656 0.1666505830255059 
14.604585396950474 3.4558034511237734 0.0 
11.641520456045772 3.106670317673954 0.0 
20.91972629084674 3.4659537386572317 0.0 
16.864995812388276 3.2412894057429043 0.0 
23.502181559102336 3.2602255772084776 0.0 
