2.0 2.0 0.24752341833284536 
2.766354962497548 2.0 0.29250009251760556 
9.425967221166896 2.0 0.3385843789510137 
33.470262646472506 2.0 0.46519884417057367 
2.0 2.0 0.011902684008679443 
2.0 2.0 0.19475251964388662 
2.0 2.0 0.16828868893307136 
16.956856900279185 2.3656930972715244 0.8011327251977883 
2.0 2.0 0.0 
2.0 2.0 0.12242216067284628 
2.0 2.0 1.0 
13.339503984865738 2.0 0.0 
3.2679010118374494 2.0 0.3250651396122246 
14.672561240613312 2.3777377864869207 0.866983878778957 
19.4269932546639 2.0 0.569692144817843 
2.0 2.0 0.5226244539447722 
2.0 2.554098061673236 0.165568933204703 
5.394162451406207 2.0 0.0 
4.757841518994589 2.3998395812810607 0.704675556649067 
2.0 2.0 0.44787875340126615 
11.02709136468512 2.0 0.0 
3.9159031398211983 2.0 0.34028752798533735 
8.05 2.0 0.6363892376641724 
2.330287847301344 2.1410008620588092 0.7228033035014007 
2.1418030019697047 2.4113717150814304 0.5469156608805481 
12.582575528831565 2.4173040865708337 0.8556636173273435 
2.0 2.0 0.9478787534012661 
5.642699019458206 2.0 0.0 
3.488194084297196 2.0495316344884436 0.3615435288391671 
8.136799704848716 2.4567724394225423 0.34264948175839743 
2.0 2.0 0.8586743046783765 
6.682004067434789 2.0 0.8045989330986479 
26.176780429619793 2.416336366844351 0.7529757941027652 
3.4439478573943143 2.0 0.5 
10.325248328450996 2.1148873317674415 0.41429190817657263 
12.530164229081931 2.348297201687338 0.5 
7.13058952820033 2.0 0.6042523278857861 
11.532763953680735 2.195679237850042 1.0 
10.315333414203465 2.0087711898434044 0.9270375840362202 
2.5045191334149424 2.0134382419963446 0.8821956619350413 
14.259474516622754 2.017859696299597 0.8799132700362731 
3.666697065113711 2.4598130408285206 0.0 
3.920381368443756 2.1465317598401605 1.0 
2.8971458149181917 2.3840259285674015 0.8072441802962858 
8.047079841373009 2.2522163290072434 0.8731391689234799 
4.829005222162021 2.0 0.2903248550372999 
6.912733597308144 2.0 0.9401275891803993 
8.02930957854916 2.0 0.5 
4.0475471465114925 2.2041565123705498 0.5650594966866487 
9.586753610643928 2.0357847955895947 0.5543790037693386 
5.68399287737992 2.4146705442419454 0.6524896670963364 
5.594767297206923 2.3505941438356723 1.0 
35.72113442726779 2.222579464794163 0.0 
2.963958023264965 2.4135187639157287 0.9488873276735903 
5.475139164723914 2.0088426044168117 0.4541632744038587 
6.881134766174685 2.476283992467555 1.0 
7.1125179997629076 2.395892405573357 0.5 
2.90636545046209 2.308265237925083 0.44791634562496163 
9.242500812595797 2.2563812796462392 0.6829246574080668 
6.5680155852410405 2.347789551676792 0.279739448218985 
5.709314414193456 2.147565296116307 0.8950615883038828 
3.446595932297006 2.0 0.5597654697466992 
6.681305528348344 2.4564601780313273 0.24792047574275183 
10.30834703286697 2.7593018033126158 0.0 
3.0719917912332733 5.208615822144123 0.027627265144017157 
2.5692514895948264 2.0277329648930613 0.1985526158350925 
19.2466923066466 2.0 1.0 
17.53097271765578 2.0 0.0 
2.57327670329832 2.1532435653410276 0.7266288542963832 
2.916307357574735 2.130501790753579 0.11987574807553666 
4.123957305233294 2.0 0.21016921579258702 
5.657036048985615 2.0 0.4343053474046823 
4.758096851772319 2.009417997658459 0.343217081720275 
2.0 2.678958040880316 0.015147707319940251 
2.9098205544371423 2.043712516806428 0.5851327044073676 
2.0 3.0328897757215305 0.09590686821948408 
18.693017399062214 3.2528969241735277 0.0 
7.645536472484441 2.7372842368485744 0.0 
8.740637504257313 2.0 1.0 
6.858812671105062 2.0072455401772182 0.0 
3.4844260239530587 2.6187855775662974 0.043615470164382636 
2.752523921503735 2.8299716433874766 0.14382567230424492 
2.9833616382044994 2.3291854597450095 0.0 
2.5443319574740935 2.0 0.6227708849605295 
2.0 2.8583464455656875 0.3143614298395517 
9.605480144097797 2.0 0.0 
7.744798322811476 2.002693776723441 0.7424667095688955 
3.8536299433322805 2.0312874061492336 0.37690762608387474 
19.98482989366295 2.0880052312363326 1.0 
4.868576291038684 2.086658601347078 0.8461955357232618 
9.26553466836957 3.482037572239828 0.0 
10.828887195428923 2.8271879898291403 0.0 
4.95122677426398 2.0 0.9601840749713635 
13.46378093922388 3.0372343382393563 0.0 
4.186643650223653 2.104155898460885 0.28451217746936563 
3.813477476725815 2.9931173974439207 0.1804024085711784 
4.086485376559539 3.3859863039921003 0.2569231230204953 
5.513918981994936 2.833269770558196 0.0 
2.291227510223104 10.190656918855037 0.2562252149467493 
2.2878192011420193 3.5883991233115524 0.2311686491268555 
