2.0 3.0851383486264794 0.46523517883924814 
2.0 6.286198303989863 0.2131221636104591 
2.0 3.225914345841103 0.8394266139589615 
2.493626122201775 3.0180034435206933 0.9850146692489332 
2.0 2.7227878296298904 0.6549655582122023 
44.63655839582748 2.939340317824928 0.12968620382689044 
2.3259526192130746 3.197325596779551 0.5462265516786405 
2.0 3.076607268312941 0.4911188644288293 
2.0 2.0 0.0 
2.0 2.7885771163304343 0.0 
2.360326838577217 3.121819378177831 0.0035347036816613664 
2.1011629029203345 2.7533770012744805 0.1559329801103558 
2.0 3.24362954830477 0.7972145844256561 
2.0 3.207862200706271 0.4067201672949261 
6.809443117942159 2.2670006634891195 0.0 
2.0 2.3295975912001756 0.17148029955412444 
2.164651998219523 2.6320645474209146 0.6996721365377798 
2.0 3.029810850767583 0.3401647392456529 
2.1078936218088917 3.8383850031422657 0.3365650615155252 
2.0 2.0 0.03209780065458545 
2.0 3.344681866579686 0.5764163831126428 
9.158928568182908 2.0 0.0 
3.362832849240836 2.5974854605221687 0.00810289829556754 
2.3184052103617816 3.3236963797476906 0.9580419586817724 
7.881829978905246 3.0934345356775754 0.0 
2.4049269597587974 2.8203017735153244 0.7248716976125171 
5.667753533970564 2.0 0.0 
2.0 2.6936702743338703 0.6171454255330333 
5.420992458404001 2.0 0.0 
2.0669200244057664 5.525633789332169 0.5 
2.619372319993632 2.7480956292999856 0.13728813113652272 
8.373480408966369 2.0 0.0 
2.2997575376979236 3.3078080601744153 0.9148942918661661 
2.0 4.125557236786464 0.0 
2.4124332598829987 3.086218863154636 0.8969866059731626 
2.0911051550733486 2.9219699279524023 0.32583126378778454 
2.0 3.1727038418943687 0.7726333226778579 
39.502722081963626 4.0917921130388875 1.0 
2.0 2.7845388238100406 0.4466125107545089 
2.0 3.2925283740076203 0.2522742747154893 
11.72958164299225 2.5982835722962574 0.0 
2.38401021011561 4.749524416778348 0.0 
14.748308525085578 3.299734180100519 0.0 
2.238035300083674 3.6136470725091403 0.28323345574281783 
2.0 2.0 0.10424262661498573 
2.098719389928818 4.350867266882975 0.11372013391740371 
2.1387738044774056 4.19378292329668 0.3682101162736845 
2.0 2.9990924564077748 0.22374392688373676 
4.901687735365405 2.8310548745012647 0.0 
16.945220404031417 3.470549326212094 0.0 
20.95662453751551 3.095789757179081 0.0 
22.800603054866954 3.221381583312591 0.0 
