7.30553559829071 2.0 0.17580007370638218 
8.73262533215395 2.0 0.9048599620764161 
8.874885699787974 2.0 0.7013808097057899 
2.0 2.0 0.24579247312382005 
2.0 2.0 1.0 
33.24324294891267 2.0 0.3242781114945778 
27.123404983227875 2.0 0.0 
2.0 2.0 0.8805994051168489 
13.47927198283056 2.2815893463098114 0.9166609411509934 
37.86641358526809 2.0 0.0 
2.0 2.0 0.4359606337733844 
7.592293583313835 2.0 0.8428321805770871 
13.283704518593595 2.0 0.6135616732716427 
2.817488852497197 3.3527735981075324 0.10699774902302983 
2.0 2.0 0.0 
12.171348910227058 2.0 0.9298978585157582 
3.2404498448432335 2.419456659228352 0.5830015790535438 
4.973900821884576 2.0497744238947457 0.2912817658074415 
4.563966032873706 2.1055775539804653 0.9596821649136535 
2.526798251510737 2.037175689546305 0.5110098883365646 
2.0 2.1305061771980065 0.17275592150815844 
3.9490843816591346 2.395 0.9656244035386744 
6.967061290730712 2.0 0.9456430755042897 
2.0 2.0 0.02928995565003284 
9.765531107588012 2.0 0.0 
3.0689392796811026 2.0742246464735103 0.3477377091003715 
2.0 2.0 0.5301135921547673 
7.259754812520791 2.0 0.5 
2.0 2.94105105791472 0.06925283578156194 
25.589372325460374 2.197992249852832 0.6343036724899916 
19.23343900445917 2.417431471025163 1.0 
15.298139335873676 2.0 0.8685568158059058 
4.689111258169056 2.0573085668485667 0.3387875358653256 
8.345516354429463 2.08257608878728 0.6836354871487966 
13.042504219785307 2.0 0.0 
4.252457728357413 2.0 0.21880265072323857 
3.0610995452185765 2.0736206686670977 0.3112236951382345 
5.710469992190566 2.0 1.0 
2.790100843335212 2.0 0.14972654775406713 
3.328882126333872 2.570603917692287 0.3294489227320195 
2.0 2.945480160280636 0.10362669159785712 
20.210278685937272 2.0 1.0 
2.909009965710947 2.0 0.8815123373060568 
3.401336915003478 2.0 0.7901388229554862 
3.967670348680995 2.136522903660812 0.0 
3.61730750990559 2.0 0.31089220976239523 
16.652771631518803 2.389000660604291 0.7147873768169849 
6.862619613166723 2.0 1.0 
5.701325889736457 2.0002303914455575 0.9585344139624044 
6.637154153139819 2.0 0.794289850909505 
3.511398667308371 2.098953930108733 0.26361152066363064 
6.580525407272116 2.0 0.0 
6.122218656631087 2.285987522379182 0.0 
2.0 2.2563657829081736 0.18744761492348125 
13.75706171861633 2.0047861513765928 1.0 
5.406393409270647 2.4279399154016685 0.0 
2.0 2.5242925325597074 0.3025948995035268 
10.41415024287893 3.4010849615344663 0.0 
2.577868871554583 2.0 0.0 
3.210878646750186 2.049172058955246 0.6244406954410542 
2.2326288960647878 2.3506288072939645 0.5194118899108461 
3.168133249235323 2.201034305648073 0.529401694175539 
2.0 6.36697198589631 0.3789837818047749 
2.63062366425447 2.4977171093993666 0.22219993197421806 
5.9068817449971815 2.5532452918686848 0.0 
9.127366495802802 2.2263522839178416 0.43861405087267735 
2.8788492431967487 3.3013366712505774 0.12227653059833371 
7.586965786973808 2.051764113329169 0.7062140014832857 
6.807849650130424 2.0061032020178486 0.5286387698182551 
9.68117446974705 2.0 0.6013507270508205 
4.136230736647981 2.5187386482935095 0.2986649957001407 
8.02653544367154 2.022044886639859 0.3747074163596842 
12.63486754809314 3.386560744895947 0.0 
2.0 9.172254164547091 0.2798742616826243 
4.174774650236847 2.1246006322212914 0.40129946726926485 
2.0 10.491404365567188 0.2793564668790198 
2.0 6.662079731748868 0.132534964501398 
2.0 2.0 0.9326728129813429 
8.36433849146611 2.184295656694887 0.486078902630062 
2.9666397495580754 2.0 0.4406585044929102 
10.364710530310125 2.0 0.9320340094752466 
5.211682803128943 2.0001121035810288 0.8671580203982061 
8.513527827896322 2.9650700895878286 0.0 
4.810227813086318 2.262673475969812 0.47900056921594536 
9.759651445783247 2.102919753197192 0.46038881562829326 
11.496901563969491 3.0481995595038343 0.0 
19.003675355404802 2.0 0.5 
11.393299278327094 2.000754753094901 0.0 
6.111735454701715 2.0014754586587067 0.4161285498898284 
28.347106091968918 2.0 0.0 
4.013055886959506 2.000710301081291 0.5731927987209297 
3.92614103232275 2.8937586456979583 0.1985734971490442 
5.681951302083338 2.2829452069161986 0.6673367750054835 
2.0 2.3718198049534074 0.7232067856252147 
2.7111123738549088 4.766894951329794 0.0013697800637468974 
2.536444084368725 2.2169647250432347 0.7348822850225702 
4.817941450521335 2.0 0.7207242893980305 
2.6239886143703166 2.053993272129505 0.9427890459325752 
7.6885349966098655 2.6998429903127867 0.0 
2.0 2.857296786547505 0.18023083693583153 
