2.0 2.0 0.5282805680194829 
2.0 2.0 1.0 
37.65037646242186 2.0 0.0 
2.1397939381479247 2.0 0.0 
2.0 2.0 0.5360340101960337 
2.0 2.0 0.19856276936657835 
2.0 2.0 0.16163569506081338 
2.0 2.0 0.005702212436916376 
2.9532483079089253 2.3043502600341332 0.7161338887646826 
2.028133792776557 2.0 0.7143962097792471 
2.6593284656612757 2.0307930643169914 0.5936317092690684 
5.089721690501403 2.0279139207072223 0.717804275769927 
16.71770392188812 2.0 0.6991325370346793 
34.67102094998209 2.0 0.008644851804632904 
2.0 2.8344701484424264 0.057734801251753384 
2.1293494816156677 2.030234822922643 0.24678362387359157 
10.311407004029373 2.0 0.8882542994671144 
7.786900461729718 2.0 0.811016594366906 
2.504935605684224 2.381631658486545 0.11433315817606982 
7.844809966226203 2.196982365762744 0.4923042220241059 
13.12500345093671 2.3570041467838942 0.0 
2.1096183485460465 5.819707264415139 0.3868886242993772 
4.373387294354064 2.3470524567713533 0.5798654728818526 
8.950694435966845 2.0 1.0 
4.885168761326334 2.1192512871390514 0.8342781391234088 
9.889935972277023 2.0 0.5208338899928091 
7.922920870165135 2.236820450718441 0.6241952743151806 
3.351946428797544 2.2121136660987597 0.6274667353775947 
24.84449726405642 2.0 0.8747557872688141 
2.0 2.0 0.8706671766934326 
9.056768507561584 2.0 0.732234332042156 
2.0 2.4330699421127306 0.4448760423984969 
2.470556434201593 2.010009699693659 0.9519548607879466 
19.337391784855527 2.0060702416397658 1.0 
18.906610979464745 2.0 0.6188963532934009 
3.9376151535848063 2.0213481705619296 0.3896003362162759 
9.867115674532943 2.196472534421246 0.42555856953058335 
2.605 2.395 0.5 
5.516931929240326 2.039962665222817 0.6652241547803728 
6.973119619444705 2.0 0.5994925218666222 
6.564342589352414 2.0272762839794307 0.9989318030128418 
8.468137835050962 2.003459199267607 0.7716881096972013 
2.85339967886491 2.678484657887585 0.3075896146939683 
12.97210873439273 2.292111551555566 0.9443050103881452 
4.808697532747345 2.2162201037751292 0.9660502305491563 
2.450615002531464 2.6752504578397893 0.3261085605472842 
2.2228602749413184 3.125035142713921 0.15384887064037753 
8.953620150077102 2.1424177823267443 0.4222084909785648 
6.924517405688365 2.102563174734857 0.49729766400589087 
7.444489822414655 2.0 0.8505492494930553 
2.3757463512909567 4.025067172845661 0.22335759776752442 
4.113144504842436 2.265644796672506 0.993094324899922 
12.175250626766644 2.0 1.0 
2.5735591367412827 2.1369314725456245 0.5568723206913084 
2.2095259021284313 2.7532832399132463 0.07862347149546012 
3.034395282299589 2.0046090330406647 0.4218070930089212 
10.153323887673459 2.32652613160478 0.0 
3.040659691420995 2.20238371485502 0.3391429865192712 
3.198847038603463 2.0 0.0 
6.136320220653793 2.2578667149145453 0.0 
4.609851673784263 2.076245351427417 0.364819047309371 
12.730812516597991 2.3697916627353477 0.5 
13.902814867521244 2.0 1.0 
6.766951424516914 2.1521857917440563 0.0 
2.7518287717515673 2.791021992491591 0.05234096142630888 
3.559503074647661 2.636292364137283 0.228471662855904 
5.686371883346622 2.318832154525372 1.0 
4.284862177790071 2.0485055928847435 0.2347832116524983 
19.863236365748303 2.0 1.0 
6.370492650158386 2.522125413949567 0.0 
2.792046706729382 2.102448498708151 0.20696059850915194 
5.66242414185402 2.0 0.953322908190388 
18.360701247358904 2.3114765118267115 0.0 
10.640618286780445 2.420547693527049 0.0 
4.859114301007626 2.0 0.4895806473026229 
3.895873556765683 2.0915395639294254 0.3086806155301973 
5.2288906030185185 2.434984584159184 0.0 
14.588426908723857 2.024355505736993 0.7878457278984728 
7.333817757627774 2.2788441036119966 0.25576476282830907 
2.0 9.729282272587806 0.29258637447753594 
19.461615138309547 2.5553149304306713 0.0 
11.385995806982693 2.5891286531546447 0.0 
3.5373267514610722 2.0 0.0 
2.78588245369153 2.99502349466011 0.1195033784940974 
3.524424027757578 2.3736122765173153 0.2862217335545957 
5.121141446796434 2.125749779368392 0.30402632218488657 
2.0 7.017509777900801 0.02916061079019061 
2.702172984304856 2.0 0.31452246049005883 
12.595894073411317 2.6695330915448405 0.0 
8.490374389009816 2.2276548776359126 0.3230209527050471 
2.859893380042142 2.1465008185968535 0.9505011606706708 
3.75035169018909 3.085190053371857 0.16828149245507096 
2.7823904811838878 2.1948098075865 0.798461190050012 
6.592959812402396 2.2286951856691903 0.9468886276853719 
9.412695240562236 2.9267936080180537 0.0 
7.691594087553207 2.6868139617160827 0.0 
4.5850546555215015 2.0539953021494943 0.20460219925836176 
2.608842386100526 4.60599463339517 0.13462150619740895 
6.1704721200199515 2.2071070653792524 0.4414223549388637 
10.019377864566605 2.9812852456193375 0.0 
