0.597537000000 0.043064200000 0.039936300000 0.040572200000 
0.955890000000 0.002356410000 0.002009000000 0.002063510000 
0.585286000000 0.079140400000 0.072431200000 0.074460500000 
0.721047000000 0.016998600000 0.016240800000 0.016537200000 
1.091490000000 0.000183402000 0.000070485400 0.000062143700 
0.166749000000 0.352210000000 0.331880000000 0.347256000000 
0.778071000000 0.011519800000 0.010846500000 0.011074600000 
0.993392000000 0.001177450000 0.001001060000 0.001022510000 
1.089640000000 0.000295689000 0.000153393000 0.000162248000 
0.682197000000 0.027813100000 0.026700800000 0.027182500000 
0.972543000000 0.001219310000 0.001045150000 0.001066030000 
0.059936500000 0.437032000000 0.417224000000 0.424583000000 
0.798087000000 0.010227400000 0.009102150000 0.009443540000 
0.062973500000 0.391495000000 0.371630000000 0.381356000000 
0.923925000000 0.002926070000 0.002577950000 0.002664490000 
0.061974500000 0.418598000000 0.398414000000 0.406889000000 
0.745152000000 0.015644400000 0.014034100000 0.014312400000 
1.032390000000 0.001028580000 0.000843436000 0.000877847000 
0.162343000000 0.364390000000 0.343949000000 0.356540000000 
0.083411700000 0.383713000000 0.363361000000 0.373847000000 
1.058390000000 0.000302083000 0.000187229000 0.000180950000 
0.638068000000 0.031923700000 0.029792300000 0.030702600000 
0.938972000000 0.002802390000 0.002626480000 0.002646300000 
0.040869700000 0.499463000000 0.490757000000 0.507241000000 
0.870766000000 0.003503920000 0.003103110000 0.003169020000 
0.045504600000 0.470176000000 0.461747000000 0.477710000000 
0.035903900000 0.511722000000 0.502448000000 0.518851000000 
0.763786000000 0.013149800000 0.011742200000 0.012190100000 
0.047521600000 0.459573000000 0.445796000000 0.456496000000 
0.826457000000 0.006876230000 0.006044480000 0.006194020000 
1.036460000000 0.000641662000 0.000514385000 0.000524924000 
0.664923000000 0.028084200000 0.026075500000 0.026869600000 
0.753103000000 0.014829400000 0.013484100000 0.013776400000 
0.759783000000 0.013485400000 0.012861900000 0.013094300000 
0.920280000000 0.002924390000 0.002613970000 0.002666650000 
0.830931000000 0.005983920000 0.005602680000 0.005699700000 
0.690287000000 0.024277500000 0.023289000000 0.023695900000 
0.758248000000 0.014659500000 0.013324000000 0.013780500000 
0.717893000000 0.018933000000 0.018076000000 0.018409100000 
0.819552000000 0.008424250000 0.007694400000 0.007856320000 
0.740592000000 0.016185200000 0.014859800000 0.015301000000 
0.770255000000 0.012754500000 0.012035100000 0.012276300000 
0.682212000000 0.027619000000 0.026095000000 0.026549300000 
0.751860000000 0.015543300000 0.014294400000 0.014616800000 
0.715581000000 0.021239400000 0.019728100000 0.020235500000 
0.864988000000 0.005502060000 0.004809860000 0.004995570000 
0.688406000000 0.027186000000 0.025411900000 0.026042400000 
0.919652000000 0.003480430000 0.003168490000 0.003229160000 
0.697186000000 0.021137900000 0.020217800000 0.020584200000 
0.810249000000 0.008873910000 0.008006750000 0.008210640000 
1.087860000000 0.000329964000 0.000184893000 0.000199624000 
0.044304800000 0.475939000000 0.462247000000 0.471704000000 
0.662133000000 0.030224400000 0.028352600000 0.029076900000 
0.785827000000 0.011758000000 0.010529700000 0.010857000000 
0.742439000000 0.016272000000 0.014948000000 0.015292400000 
0.046285600000 0.470122000000 0.456474000000 0.466522000000 
