43.99142218843763 2.753331996251185 0.15479632753367178 
2.0 3.0477053647348775 0.2261545584831205 
39.68462076893809 3.8326478504782333 0.031563265257857326 
2.0 4.125811726893721 0.6311987561652036 
2.0 2.0 0.017419050200130484 
2.0 2.0 0.0 
2.0 4.484020838175278 0.5360631059221087 
2.0 2.9307289690322973 0.1792208841384595 
3.658579011886804 2.019927876759562 6.10442816987829E-4 
2.0 4.255864603664917 0.8532845897578221 
4.005872564490062 2.8834004510683635 0.22393546203018797 
27.108448820439044 2.172214266976771 0.0 
2.13719617940499 2.754347325160035 0.5602533857099709 
5.327572852797179 2.4538548237571507 0.0 
2.324217529531484 3.313674116198877 0.2811766757683722 
10.726697415956108 2.0 0.0 
22.76282214088306 3.0654794925130675 0.05 
8.05 3.3765228898107997 0.23997744888229527 
2.8689342698353677 2.4652229376035257 0.0 
3.683003894588094 2.0 0.0 
2.0 3.151017486474518 0.020965571727768008 
2.0 2.8498847647979217 1.0 
2.1399782012599777 4.927773809611939 0.2912711465279296 
2.0 9.120201786099177 0.0 
12.239839692984305 2.8496271238063557 0.16632239043437366 
2.0 6.088683507831167 0.0 
2.0 10.08498834765079 0.0 
2.0 3.0839235429596954 0.603438910941008 
6.034308025970972 3.119170699705613 0.0 
16.34054400196255 3.2098229553779536 0.23070744536848295 
2.077477177601504 6.418376887151657 0.12623997053112904 
2.3018574560186114 2.8207070752427725 0.9359471452080406 
9.878744423800583 3.290741513248803 0.5712266939997813 
2.0 3.5488101026551506 0.5584776194172799 
2.9267116494916574 3.5206099651210203 0.24203745318769343 
2.0 4.299543455248202 0.3969016008007854 
2.0 4.25102907079232 0.7976810475497059 
2.0 2.790551058133568 0.6555823341285019 
2.0 3.5378670220928803 0.6648247176140156 
7.532000104943318 3.109927365848822 0.4882555552718979 
3.3022141235525493 2.5680623294750173 0.7030196707021239 
3.1972702000330884 3.8083534300111825 0.5775591656785 
8.34697349269105 2.9104738244827906 0.9796927384578334 
4.75869222443274 3.438631734749131 0.6721234950377809 
3.415775189114331 2.7031190477421325 0.8162564153541584 
2.212603540894395 3.279254801637523 0.4028454681258118 
3.454449597710446 3.0104253468948325 0.9040387448108613 
2.035747989002474 3.9799363374012047 0.2872277269969279 
2.0 4.153041368016911 0.7246246564875134 
4.760771518193877 3.160868399746386 0.5 
2.552094473964577 2.257977142388433 0.0913515417793824 
11.070217392856872 2.8887178036200214 0.0 
2.592365182884696 2.506461833742305 1.0 
5.128059187067357 3.3025650580054258 0.6165397372697952 
5.652153091807123 2.9430506300160033 0.6779051903198472 
8.66480638714443 2.7869857642086155 0.0 
