36.908016452210546 3.9370592601804955 0.3063345312010709 
2.0 2.0 0.02991923510258493 
44.86108976477 3.4592106418899062 0.287647068556123 
9.384005759060699 2.0 0.0 
2.0 4.650566511458728 0.0 
2.0 2.0 0.0 
2.0 3.0245870032166184 0.8099315426380529 
2.0 3.8886662574133735 0.27396953399909896 
2.0 2.0 0.17193161582368496 
3.077952366746501 2.6852218072310907 0.06446111481820396 
2.1218230462046064 2.75479280719321 0.8307353066978507 
2.0 2.9640762473520135 0.5644611148182039 
2.0 2.0 0.11454257743265625 
2.0 3.4874689460222665 0.6348010941968385 
7.334791623552866 2.0 0.0 
2.0 3.2353537900133644 1.0 
2.0 3.0199591373516252 0.5305124430743005 
2.0185152394633445 2.9468315296606504 0.9298111792506288 
8.173280086790442 2.0 0.0 
2.559606228707174 3.0621425419270007 0.13055735329955653 
2.0864638630590946 3.180061315062815 0.5 
2.245686017849543 2.8614716734737065 0.36043477039997035 
2.0 3.4061031591186106 0.6968496945602647 
20.893136760122808 2.9890512722022495 0.0 
2.0 3.4230759994675988 0.3972778505470103 
23.409021609593058 2.880075685328221 0.0 
2.001990789531713 3.445845277814003 0.873817984914228 
2.0 4.219800514862679 0.0 
2.0 2.73821375204116 0.9719677227188731 
2.0 3.4774206052573327 0.46996562275727827 
2.0 3.476972120801633 0.7532650400443548 
2.0101542282296565 2.8767022332646714 0.15083514258151495 
2.0 3.3092246601750523 0.19109848793053985 
4.610309156437076 2.0 0.0 
2.0073132281352506 6.2665112162157115 0.5 
2.0 6.316396077150783 0.21906309640459032 
2.006624201353884 2.957487192407828 0.32565939074395656 
2.0 3.2695976357226195 0.0 
2.1563450743208414 2.6836743444504814 0.6481133878543215 
2.0 3.2208356712570936 0.04019614556740364 
2.0143342575851877 2.951539112483416 0.72439568542241 
2.0 3.453440838241728 0.4480062986180209 
2.1250373370021087 4.03452832116475 0.10568331764459932 
15.800706921224108 3.3013306000604934 0.0 
16.89762383009547 3.407040420807309 0.0 
14.446409437029688 3.4976492719585224 0.0 
2.0065793173434847 3.50639883035459 0.39186342282270104 
2.4518359096509625 2.8055907883460605 0.23152418199590666 
6.48289138446818 2.0 0.0 
8.423694589982912 2.8078007534623577 0.0 
2.0 3.663767020693788 0.34564400292018616 
4.8214105007742845 2.513629262039246 0.0 
