41.766963445388676 2.855855450272758 0.5231986880664163 
2.0 4.490197236389178 0.737155646315047 
23.61270765547102 3.0499251546563677 0.4541365525470338 
2.0 3.6941879918375977 0.5455006838582103 
2.315810004336468 3.1455212084662794 0.9294509081879679 
8.07251922846294 3.2869669133870714 0.29569931615396394 
2.8450060556570698 2.6106212148550694 0.8866478607913265 
2.0 3.209099346197305 1.0 
2.0 2.0 0.0 
35.831354689471326 3.6415495249237306 0.4414217566070626 
2.0 4.433645163006906 0.5890729509581487 
2.0148446711962897 2.0983927514847722 0.025223087371399812 
2.0 3.0691561752696614 0.3818455493818677 
2.0 2.5243721202337714 0.5293613613917081 
7.516680239701756 3.082859182028849 0.4922883259744009 
4.029393901777248 2.12682702794091 0.06556920977978499 
2.0 5.377859940329207 0.2629411642588689 
4.776859231928309 2.9295186707119076 0.5115454616893765 
2.0 3.514305665444037 0.38184554938186777 
2.2276841342846767 2.612656796919299 0.15466477596715644 
2.2040083046872407 3.6556686793908084 0.6704581273995776 
2.2502692369109663 3.2995905753948778 0.6198825613242819 
16.426654407908106 3.2968748883461627 0.03381796799514181 
2.0 3.8122930275997318 0.2862435546713883 
2.0 2.5571528900387133 0.6528381486482795 
2.0 3.744181090480445 0.7690443169566252 
10.443779047129219 2.644077987437834 0.6026886672338938 
6.089572806422499 3.427501364223017 0.7410389748595023 
2.0 8.647723286037182 0.0 
3.026375285356252 3.0564912361907677 0.6861250886458743 
25.20300482360509 2.0 0.0 
2.6992146478496446 3.597013072285877 0.26435584685952707 
8.441263988449847 3.271174065774317 1.0 
3.019679732991972 2.0 0.0 
8.209479590275532 3.107359964320894 0.0 
2.0 2.9399153136155656 0.23706485590518195 
3.84076031454006 2.0 0.0 
3.583286583268347 2.54877704090055 0.22353086001215328 
2.588813142642124 2.3999987139373955 0.0916615460710787 
2.00045902223913 3.7755447915162224 0.8195455146381798 
11.119525531418759 3.1401105830186413 0.0 
5.262106571632246 2.0 0.0 
2.7422643293857014 4.247149465059563 0.5804240204351415 
3.4216750918957497 3.022393182831672 0.9608436317415951 
2.0 3.7921796869102193 0.6154800286999192 
11.565400127174994 2.9887792882239452 0.29426459846400155 
2.878499374692056 2.615533737347777 0.9177029625030655 
9.02239240324089 3.2558950814084326 0.0 
2.0 10.450151545836324 0.0 
2.11311495871814 3.4502540821891854 0.03828098154015103 
2.647433349988069 3.4254205172476233 0.8322534359071562 
2.0 6.477502894272614 0.0 
2.425003243874218 3.1697387356909177 0.26875181434114404 
10.71367093297563 2.0 0.0 
4.825347357203524 2.5672809281437203 0.6825454827761754 
4.711430982639311 3.0900467740549122 0.5777010430481143 
2.0 6.281612162332134 0.05369050106561729 
7.302418911983349 3.177511298824892 0.0 
