2.0 2.0 0.0 
5.189084748792973 2.0 0.0 
2.7692471220321084 2.0 0.0 
11.194359074466123 2.0 0.0 
2.0 2.0 0.042484524005254154 
24.24377970976093 3.1924604142368906 0.007192709361277944 
2.0 3.4300803281616528 0.033872015265526745 
2.0 6.318277690030891 0.0 
2.1018187996072766 3.068800606630912 0.18098999674313276 
3.667425812169167 2.0 0.0 
2.0 9.440854507768472 0.0 
24.67478733710705 2.0 0.0 
8.05 3.4239428693924987 0.005343382739019381 
2.0 9.76450856946076 0.0 
15.857667028337577 2.6617146328441796 0.09378102989411519 
4.0675866676954975 2.273297982873732 0.07469082305439913 
2.0 5.763666961449129 0.00842680545335569 
39.826841049804514 4.499808430579834 0.15377518636777077 
43.852452853698864 2.5602929297478867 0.972302716792498 
2.0 3.913144854839886 0.6097495361489753 
2.0 3.9673610644830024 0.7072033436181223 
7.812970472111155 3.2268113129659772 0.457077470498586 
2.542480935324444 2.0 0.09953249247284837 
2.0 4.870480300538528 0.2758959817116423 
2.2676891104958026 3.3241148299355725 0.27255094039380023 
6.340940379770871 3.455713398748738 0.0 
2.0 2.87433274962569 0.9962747947860359 
4.291709195913003 3.2543022058732847 0.18045431550778898 
2.022270253320187 3.0793611142432153 0.5308206342245881 
2.0110986169542064 2.6098040591542286 0.5794500353572716 
2.6567873009352754 3.835486805991444 0.5381659838112008 
4.5079662905757605 3.2360891484476886 0.5258818750013106 
2.0 4.459326737997987 0.5163072031141126 
2.009220223788903 3.649066253401937 0.5613241322868404 
3.217420539255556 3.935254603527442 0.2478136498007234 
12.018919559190373 3.0669256200987203 0.12147768974818768 
2.435784494223993 3.2579809169134553 0.2363779760393689 
2.224855312003828 4.010721862320228 0.8237381536377499 
2.0 4.4307012902882255 0.7756299750396773 
9.195121165545228 3.261023577579217 0.0 
2.6798843660046465 3.106598260757452 0.574200381572535 
12.015532920150068 3.1053593707970935 0.6815196932903389 
2.0 4.0029876292898825 0.3626064049656102 
2.720314513849044 3.1094348308218867 0.8515103960472816 
5.848886583841624 3.0851823514898182 0.7434587615028113 
11.255042575465067 3.075296648289925 0.0 
2.0 3.491187269556373 0.632785722981656 
2.0 3.6039517717620813 0.28869892252975904 
2.004636590054532 3.1982593296452304 0.397093541548777 
2.110056313118584 3.0908948594711743 0.9260781916458297 
2.525380185568941 2.899652203257766 0.9152658549533467 
4.80222360723352 2.8974559814941485 0.6792218939698937 
