0.282743000000 0.037873100000 0.036618200000 0.037467900000 
0.359465000000 0.022815300000 0.021620300000 0.022529200000 
0.402347000000 0.014543600000 0.013874800000 0.014360500000 
0.289546000000 0.036432700000 0.034704500000 0.036093700000 
0.551463000000 0.000508700000 0.000484928000 0.000491999000 
0.282013000000 0.038501000000 0.036779000000 0.038145100000 
0.372819000000 0.018647600000 0.018009500000 0.018329700000 
0.492430000000 0.003311120000 0.003341380000 0.003387040000 
0.362300000000 0.021248400000 0.020404900000 0.020932200000 
0.414094000000 0.012075500000 0.011538700000 0.011783800000 
0.423460000000 0.010760100000 0.010273400000 0.010495600000 
0.284309000000 0.037158600000 0.035755200000 0.036703500000 
0.043100400000 0.138650000000 0.136192000000 0.138648000000 
0.413980000000 0.013149900000 0.012483300000 0.013001800000 
0.435993000000 0.008286310000 0.007953530000 0.008131270000 
0.295335000000 0.034720200000 0.033498300000 0.034266800000 
0.411112000000 0.013378000000 0.012776300000 0.013159900000 
0.475580000000 0.004526050000 0.004307000000 0.004438580000 
0.362255000000 0.022070700000 0.021220300000 0.021666600000 
0.491558000000 0.003903710000 0.003731610000 0.003871310000 
0.319267000000 0.027744500000 0.026851200000 0.027369900000 
0.309887000000 0.032529300000 0.030919500000 0.032207600000 
0.421322000000 0.011292000000 0.010746000000 0.011155400000 
0.423455000000 0.010760400000 0.010273700000 0.010496000000 
0.462861000000 0.005796990000 0.005623940000 0.005728170000 
0.428904000000 0.010773300000 0.010194500000 0.010372900000 
0.513605000000 0.001942550000 0.001846850000 0.001902360000 
0.338436000000 0.023271700000 0.022614800000 0.022989400000 
0.460667000000 0.006217080000 0.005925850000 0.006038260000 
0.293769000000 0.035884700000 0.034467900000 0.035509700000 
0.367131000000 0.018901200000 0.018363500000 0.018674600000 
0.391768000000 0.016162700000 0.015394100000 0.015954800000 
0.328166000000 0.026569500000 0.025639700000 0.026186800000 
0.397269000000 0.014379400000 0.013921100000 0.014168500000 
0.288689000000 0.036297200000 0.034902600000 0.035771400000 
0.431454000000 0.009653560000 0.009271820000 0.009446700000 
0.354162000000 0.022809800000 0.021817500000 0.022549300000 
0.540966000000 0.000784735000 0.000735661000 0.000749385000 
0.365558000000 0.019175300000 0.018539900000 0.018885500000 
0.276454000000 0.038178700000 0.036818100000 0.037631200000 
0.482928000000 0.004267610000 0.004051130000 0.004150450000 
0.312944000000 0.030770300000 0.029703300000 0.030392300000 
0.010885200000 0.248894000000 0.243521000000 0.248512000000 
0.375550000000 0.016959900000 0.016401400000 0.016725000000 
0.488762000000 0.004015980000 0.003852890000 0.003971220000 
0.446127000000 0.008105960000 0.007724290000 0.008015870000 
0.306106000000 0.032738700000 0.031793800000 0.032341000000 
0.271006000000 0.038572500000 0.037618800000 0.038199100000 
0.315595000000 0.029047000000 0.028177700000 0.028656800000 
0.333691000000 0.026578300000 0.025433700000 0.026277800000 
0.529220000000 0.001350610000 0.001279970000 0.001307690000 
0.573604000000 0.000167373000 0.000136933000 0.000144334000 
0.298885000000 0.033444300000 0.032406100000 0.033004400000 
0.573629000000 0.000103816000 0.000076783700 0.000078574100 
0.549775000000 0.000559560000 0.000506080000 0.000516374000 
0.325659000000 0.027952400000 0.026840600000 0.027556400000 
0.521675000000 0.001619560000 0.001539880000 0.001580180000 
0.426877000000 0.010758900000 0.010266500000 0.010621800000 
0.011628600000 0.242855000000 0.237260000000 0.242463000000 
0.270889000000 0.038587900000 0.037632700000 0.038213400000 
0.307615000000 0.032043000000 0.031059200000 0.031585200000 
0.506126000000 0.002292120000 0.002177460000 0.002214580000 
0.450270000000 0.006683780000 0.006481140000 0.006599490000 
0.479774000000 0.004352250000 0.004100360000 0.004188510000 
0.026926000000 0.160205000000 0.156303000000 0.159384000000 
0.506628000000 0.002221470000 0.002118510000 0.002154940000 
0.016301600000 0.174128000000 0.168903000000 0.172582000000 
0.475386000000 0.005292070000 0.005109960000 0.005204810000 
0.414029000000 0.012552500000 0.011975700000 0.012373100000 
0.299743000000 0.033401400000 0.032374400000 0.032979600000 
0.022623100000 0.163600000000 0.159053000000 0.162368000000 
0.383322000000 0.016066300000 0.015465300000 0.015821100000 
0.514978000000 0.001768190000 0.001699650000 0.001731870000 
0.516483000000 0.001666330000 0.001592100000 0.001629610000 
0.525156000000 0.001447210000 0.001383330000 0.001416910000 
0.534519000000 0.001146370000 0.001090670000 0.001110320000 
0.442431000000 0.008179650000 0.007804370000 0.008006600000 
0.447001000000 0.007786220000 0.007452090000 0.007697540000 
0.014287000000 0.177174000000 0.172057000000 0.175700000000 
0.009001730000 0.267205000000 0.261971000000 0.266923000000 
0.456932000000 0.006274230000 0.006059030000 0.006192150000 
0.475316000000 0.005360550000 0.005156060000 0.005290480000 
0.010604400000 0.253247000000 0.248009000000 0.252956000000 
0.012585600000 0.204869000000 0.200071000000 0.203630000000 
0.561146000000 0.000201883000 0.000166411000 0.000174052000 
0.010421300000 0.255358000000 0.250056000000 0.255104000000 
0.546799000000 0.000724879000 0.000653544000 0.000674347000 
0.565069000000 0.000189286000 0.000165373000 0.000167802000 
0.017778400000 0.168074000000 0.162957000000 0.166491000000 
0.013482100000 0.183211000000 0.178539000000 0.181995000000 
0.530389000000 0.001199380000 0.001150640000 0.001169240000 
0.012713000000 0.194229000000 0.189516000000 0.193111000000 
0.497180000000 0.002896510000 0.002776380000 0.002827670000 
0.009859560000 0.259264000000 0.253973000000 0.258887000000 
0.009976390000 0.256986000000 0.251503000000 0.256516000000 
0.013029600000 0.188019000000 0.183258000000 0.186758000000 
0.536006000000 0.001108230000 0.001032230000 0.001053070000 
0.520381000000 0.001667070000 0.001584280000 0.001610900000 
0.499764000000 0.002855110000 0.002841740000 0.002887500000 
0.314815000000 0.030568700000 0.029338700000 0.030226400000 
