6.279913043183494 2.0 1.0 
2.0 2.0 0.7131287212728082 
3.0121840462149123 2.0 0.5984452902760147 
2.0 2.0 0.939566156640562 
2.0 7.239389031642519 0.09102670479189869 
2.0 2.0 1.0 
25.757809805403205 2.0 0.8496005292394351 
2.0 9.748725940121478 0.30765628000595124 
4.711083231654815 2.0 0.7356152137295318 
7.198557826043566 2.0 0.5287077785158468 
32.19926389765426 2.0 0.5 
3.875997070959838 2.0 0.9788282485621878 
2.0 2.0 0.0 
2.0 2.0 0.5432263278660516 
6.500959257466969 2.0 0.5 
5.917363364931733 2.0 0.9458298732372783 
3.8288994927571833 2.012837927708361 0.581574962655386 
3.1097642358484014 2.0 0.350074070254613 
8.107984115335686 2.0 0.7500133158859852 
2.2911161361208507 3.221243026352972 0.3163172181182754 
7.8525300916563605 2.001565940438032 0.8239016661950239 
2.0 2.044091436005641 0.8774071068351942 
2.0 2.2372535697913185 0.5068587841967429 
30.98033392166954 2.0 0.6243825962099514 
9.144661369361732 2.2119420187631853 0.3436651234007492 
10.444846993935323 2.0124974416549795 0.5067266932765768 
2.0 2.465680554354601 0.23196727004517104 
15.04043216434227 2.0 0.7957855342241615 
8.498235835508515 2.0 0.4972355444704627 
2.7822851024231197 2.0 0.9440649659840719 
16.83128330774675 2.0 0.7566354078091179 
2.550923507520384 2.1318034044324645 0.6137651717319219 
6.9453729816255745 2.079445070187295 0.8134883536948587 
18.677532347781533 2.013122324493652 0.49847803399364343 
5.173753209049592 2.0 0.9517169860467238 
12.718298381886042 2.4665859974871434 0.5542485145990445 
3.39430428218774 2.21371570778276 0.749459041066241 
2.0 2.0 0.16567194352975148 
8.927456117762267 2.1493099763106835 0.7374688855677993 
7.239354709547982 2.0 0.9669389023675761 
4.414489599535235 2.1368047810461355 0.3511242992391271 
6.867040064776162 2.1322756921426254 0.947759380813397 
7.593378465251548 2.7527395058686985 0.0 
7.801255138063968 2.00487330269336 0.669301788061406 
3.1267223716825363 2.2460972452776398 0.32934997288183454 
2.0 2.4144383756983823 0.4357460908930312 
10.439196784131214 2.000768527400848 0.9561289888098289 
18.8227327966355 2.0 1.0 
12.621533438203489 2.065724707188974 0.9257762672639493 
3.2463446181919657 2.0 0.8225104387134974 
2.0 2.135615719938659 0.17991308952254673 
2.6202636585852987 2.617942517842955 0.06716193514886648 
9.03603119739334 2.0 0.9308037165981167 
2.0 2.0 0.05 
3.064525000954241 2.0 0.12957450198025455 
5.4550445778442995 2.1371349465188327 0.8492582494315831 
2.0 4.064346869091477 0.23182703125283527 
3.3379855969040966 2.175660552728826 0.490281960071025 
5.970255744418145 2.846933977470319 0.0 
19.631161496967326 2.0 1.0 
11.64850791062106 2.0 1.0 
3.8644040799381685 2.1507670807318124 0.2692367980207899 
9.700838944488767 2.380554251175758 0.4189198432862391 
4.563983855387174 2.054134071338036 0.31685921322649757 
3.098683912863721 2.078802235996206 0.0 
4.769161398467343 2.2582780382458814 0.2648484274149676 
6.240339486219475 2.026369656394178 0.0 
7.5710101587772565 2.0 0.36421132546900437 
2.867089654445886 2.0 0.5417035244773061 
14.245121016913675 2.0 1.0 
4.169656060205725 2.0 0.0 
6.142048498872075 2.1079525369904157 0.6386067594975834 
4.562216803931893 2.0042892071426097 0.20455140453601442 
3.94044622650632 2.1783251627976146 0.23764211695837825 
3.4608481600099417 2.1175720331061663 0.20209189317902435 
2.0 2.8465261503319326 0.18098900079831914 
4.69581728221389 2.0151517033545443 0.4788877760696657 
3.4799983926688514 2.0 0.4397463605202271 
6.810664473513415 2.4365453763983305 0.0 
18.98545802902119 3.023117466308368 0.0 
5.507133904362955 2.0032611943329264 0.39589659225848045 
3.9657256798223544 2.2223601243955295 0.3928744273355088 
8.626396619753107 2.7022290830123126 0.0 
37.39332184796836 2.0 0.0 
2.4597674051072462 3.080028440633515 0.0847544903395343 
9.978129513312666 3.4034922807525803 0.0 
2.748786543422149 3.118275041785145 0.13988047000647189 
2.2713959378138417 3.230170892021062 0.06122943497688672 
4.662899630195113 2.0678990049324195 0.0 
10.399513088977024 2.0 0.0 
3.5289899899678296 3.2495996705734025 0.19445373721057452 
18.028574309608636 2.007410085334512 0.0 
3.139936390465772 3.4539021050883547 0.32233041715989297 
13.329914575612772 2.9918398442129437 0.0 
10.72789201478918 3.088508180434173 0.0 
13.315752750692482 2.0 0.0 
6.764362909462627 2.4537481225638293 0.2294890315664102 
4.295365927278274 2.9352820490749014 0.26203296173428653 
2.0 8.704744666744507 0.27934913520551097 
2.627038210977039 2.446380510320563 0.8819094737740029 
