25.310977190396805 2.0 0.6260720360567714 
19.94048897474811 2.0 0.9976480343089986 
10.633314898858611 2.0 0.0 
32.68028779282311 2.0 0.08615608520296637 
2.0 2.0 0.23231904310287665 
2.0 2.0 0.0 
7.216381521533961 2.148178944941074 0.9398978154467966 
2.0 2.0 1.0 
6.421383063024501 2.0 0.0 
14.080486716660246 2.0 1.0 
18.567925747337 2.0 0.5895877400488965 
2.0 2.0 0.5063019865652373 
2.137042864784054 2.2191962675926886 0.005174413559628277 
2.891530027530355 5.068228765470725 0.03665174631947732 
9.466073735087278 2.0 0.9660994740069222 
7.218660349894426 2.2147853768808203 1.0 
8.303939645178357 2.437491606160215 0.7590768240799813 
2.0 2.0 0.30960114235548636 
3.1634009553211926 2.0 0.5 
2.0 2.0 0.4380523521132994 
8.708687827494813 2.4528414465329162 0.40262923619701985 
9.955187593154804 2.0 0.55 
16.681884974613414 2.1171080695544084 0.6885973906910645 
12.515775153357277 2.014904625067811 0.5 
10.266198809293998 2.0665218152939535 0.4898445087954629 
36.01114922651398 2.47543679551877 0.0 
8.266354010255297 2.224671363989513 0.8397468998581196 
4.445064995010624 3.447754703809628 0.17849352152674136 
2.0 2.0416747714442636 0.16290906830053092 
2.232300295514645 2.026186148452737 0.10576845460250744 
7.138695459069736 2.0 0.21731221230982767 
2.9376751753012056 2.290023186930616 0.20577452487802017 
9.87384801704847 2.0 0.9848322491383947 
7.033548483866751 2.2464563670036974 0.5048150377094804 
6.487408557043567 2.0111400970441755 1.0 
7.04156582159322 2.365816701166325 0.8377365867932316 
2.130168467254915 3.2817237230611394 0.32349849299940675 
10.25825637657088 2.0 0.0 
17.7236275143282 2.0 0.0 
4.050443968364152 2.029357737177187 0.5566618635398608 
7.157523679062823 2.0 0.0 
2.4869352634148507 2.680651740866878 0.034731684393046906 
2.0 2.0 0.5396740125721178 
4.754949355579866 2.0406831557486935 0.0 
4.274849441365459 2.0440188108243267 0.0 
11.683257156081561 2.0100001607321043 0.894968455448786 
7.812289214828143 2.0 0.4480447548993338 
5.988675333880389 2.0 0.4253946153786838 
2.74559272391875 2.0454990767803225 0.0 
8.810352623515849 2.033349030084928 0.7207689104489134 
4.026844102817852 2.0 0.9645072314969215 
4.664520042557204 2.4148935928390944 0.2812307305910847 
3.356912910423417 2.7479584212566053 0.014408314544241546 
3.2489297130312833 2.0428359017623907 0.6217174010835299 
2.116087415441758 2.0 0.727659533997053 
2.0 3.253902798595419 0.09972566076961734 
9.829578943117925 2.5390404497006336 0.0 
10.930075579491552 2.137545668155468 0.3503597342283489 
5.43646017598956 2.138558918833203 0.2284940129549614 
4.6880829015423355 2.009615116806086 0.8579851645743831 
2.0 2.0 0.18888239864030654 
19.36960124009107 3.2049117212711096 0.0 
2.295384473323632 3.6185806406820538 0.2275333164112515 
2.0 2.2759488657054217 0.9441041075666907 
5.631851879093865 2.0575309505383332 0.9389531924073469 
3.2468591653355663 2.234686851152412 0.3579851645743831 
3.7385621550543378 2.1733274190050094 0.29059727573994865 
2.733367820864949 2.001994750974121 0.5895128928459029 
4.928552995573587 2.0905832746809003 0.3584106672400612 
2.0 3.046532831490363 0.17987146933253906 
2.6302567589213757 2.036600909767862 0.14509339201429283 
3.639026837701114 2.128069219417078 0.37663641060890063 
6.638831734628235 2.0 0.5821339549244892 
19.292033636486615 2.333755045319514 1.0 
3.0756908779938845 2.2869418587491492 0.9508882515346357 
4.6354554804332135 2.0 0.9512352975140943 
2.936313142015991 2.0 0.5428463107556483 
3.6773928058300105 2.001303144287615 0.3456925958510765 
2.0 2.0 0.865438456066764 
3.0279379690633883 3.0896461246660856 0.3363306154140023 
14.977565662120739 2.0 0.9141091118937824 
2.8991822435185908 2.0074621252724305 0.312118269701237 
2.850057591180106 2.2202804482718417 0.7343107912867513 
5.071077150798434 2.00674932615504 0.7288183878309037 
12.904340264138197 2.4793495488223214 0.8267683482050083 
7.672158981865353 2.026554899439829 0.3941805222491759 
2.0 9.12961221038627 0.27033592714891613 
12.737573571842136 2.029780952813723 0.0 
2.934799104221465 2.0 0.42115553673393097 
2.751353804365909 2.3142172873150546 0.8701943676128779 
4.3987037898566115 2.0059170827886272 0.2297874516335479 
6.18157000309986 2.0 0.6155037817223126 
5.276710811607279 2.372567410149782 0.47228064899102995 
4.339256739138294 3.4297382639589884 0.25275522256941546 
11.446359648402412 2.75742531311412 0.0 
8.042138757502903 2.8812358110314804 0.0 
8.239534123697933 2.3409941089837325 0.6097706744589539 
12.50236272702094 2.502135323786137 0.0 
9.335781028639015 3.015503361217461 0.0 
2.6966966389193616 2.0 0.7929045714565064 
