2.0 2.0 0.0 
37.556424543611044 3.8758837670922834 0.9103943161141381 
55.925581986293466 2.6752235415297143 0.43543954701218135 
23.05857468006755 2.0 1.0 
5.509754630802874 2.0 0.19804658448207535 
6.5455064219320285 2.038854654713525 0.2501722404306903 
2.5298329599289273 2.0420070970206283 0.47118416811668584 
11.07019717761952 2.0 0.3391822222853678 
2.267980703838525 2.364546944946725 0.7296088869367297 
3.6900465585401276 2.084782622272195 0.002207063433376122 
2.0 2.0 0.001180869142325399 
7.844901619116712 2.0 0.37571830681116464 
4.64800452837372 2.0063912661148784 0.19750252388675307 
2.0 3.026348729035135 0.05 
10.977571681827177 2.027127272507737 0.0 
2.584412963454433 2.0 0.7193525989681884 
14.880234604247415 2.003369837459093 0.5 
24.72103222863211 5.95 0.5980457712954396 
2.0 2.0 0.776392520518547 
3.3661687159161997 2.6634626076735115 0.6683961566260375 
2.0 3.196141321317028 0.07603688107866696 
5.298130175626613 2.0 0.0 
11.564262009781803 2.025017233994466 0.568959999502325 
3.0915985060166764 2.0 0.0 
2.0 2.0 0.7331501985856728 
2.626765028139106 2.029423152537638 0.12855487448860847 
6.002689112001994 2.0116809971979435 0.0 
4.495005469547586 2.1470448090002168 0.30124907437706594 
2.960024694683982 2.395 0.4361884508315711 
2.0 2.0 0.845680620139675 
6.915639148592559 2.0142450460819137 0.0 
9.69644225637127 2.0990067226420033 0.6913761692708127 
2.3153245310754986 2.006412396380708 0.924255153399164 
13.107529647678263 3.2088214411321943 0.0 
14.130646219356397 2.107387610778249 0.5686269577905856 
17.913698646323425 2.0 0.6122631009306628 
10.716684511705088 2.0 1.0 
12.086104241558592 3.433864601225122 0.0 
2.8540312072136773 2.0 0.7977827041133201 
6.1482002745085005 2.007188467480815 0.7928421214761339 
16.636915034842392 2.0 0.7567791861243811 
8.909443290838635 2.0 0.5 
5.900991195610645 2.139257727175138 0.8442704001365747 
11.448261299762954 2.087198540733638 0.8276295868775212 
3.1485545248524356 2.0 0.32256480441935953 
2.8757734469701344 2.032769130972677 0.08249035808059912 
4.114740193381491 2.244215379693228 0.8976753245889679 
17.536818075339536 2.022974248199659 0.6847755212800825 
3.4902457943220173 2.0585618594134747 0.22094819098551594 
6.241224054717308 2.0 0.9190887695966943 
4.2727518835713365 2.0 0.759992708936804 
2.9217214054788094 2.5388605422297164 0.4459191990772869 
12.673398763029986 2.230796290170033 0.8784276281146193 
7.698039258150395 3.2101646503463255 0.0 
6.298359809039551 2.0663799396358513 0.6882955597735457 
2.6936482943255577 2.0000707964312396 0.6897436261678673 
3.740128825826961 2.2415517991011975 0.8465044423811048 
2.712495093210375 2.8389257042116425 0.7431809333753958 
13.838085891399245 2.2317303613434687 0.9956189744564963 
2.8646468749502167 2.0292199027285673 0.8435396626175589 
23.008552005711287 2.8722022753334606 0.0 
