2.0 2.7849428615201104 1.0 
2.0 2.632782825732277 0.8195984445232989 
48.92109325510738 2.7198983146216453 0.491896161821908 
5.144567508907798 2.41577781211135 0.0 
2.1117536421948473 2.58133859126223 0.0 
2.0 2.0 0.0 
22.90364380691512 2.0 0.0 
41.48162824314191 4.280589920682827 1.0 
13.041416060242401 2.7471133731614374 0.0 
2.0 8.74972357123485 0.0 
2.0 2.0 0.12398299256113643 
7.2450414252431115 2.0 0.0 
2.0 3.0764891849724165 0.1530677149944596 
2.0 3.211163530810208 0.558416874073078 
2.0 3.253616784404434 0.20740753952426239 
2.0 5.861187126364996 0.16422012270848418 
2.0 2.8667733938381925 0.6389925131548926 
2.3997661272705884 2.100532645501666 0.007350387028629314 
2.0 2.804805438888754 0.5 
2.381315205539559 3.4408310486922793 0.38417589451637935 
5.6789266868841235 2.0 0.0 
9.147712111900443 2.0 0.0 
18.81825583389854 2.0 0.0 
2.0 3.030738996705852 0.32924710123467604 
2.0 5.804675052958936 0.5 
17.660850195124844 2.0 0.0 
2.0 2.823242317914116 0.9312883602259336 
2.5452801126417492 2.6195716826392084 0.0026448684014591314 
2.0 2.8667257132298203 0.018849831566736308 
2.0 3.947893573303662 0.0 
8.05 2.0 0.0 
2.0 2.833975668043929 0.6192575634269499 
2.0 2.8780250773392817 0.694233823232629 
2.0 2.9179758822009614 0.5813441536526415 
22.595892624291064 2.678572095648631 0.0 
2.0 2.821197539703409 0.4365446333550197 
2.0 4.033107771977845 0.2707870042294213 
2.0 3.249018463959725 0.7300394396179564 
2.0136602297946427 3.0798879880258236 0.25346956418665456 
2.2910443390225868 2.6121420877804944 0.3477586980622537 
2.0 3.16605084280925 0.47160878044988735 
2.0430069009750627 2.5916800100807693 0.7566846051775994 
2.0 5.1310382579983695 0.0 
2.8537139517369727 3.4237959790220276 0.14937143586975538 
2.0 2.754735151998257 0.8471683912240671 
2.0 2.1286585624261836 0.1552622787221507 
2.0 2.6376930954474687 0.8828794765186602 
16.557586080941263 2.859676256424548 0.0 
14.002210013320536 2.0 0.0 
20.765370506263572 2.909408057926323 0.0 
2.0 4.129459234428853 0.1061416977897501 
15.025990508722852 3.439204040272641 0.0 
10.415693260954662 3.1810624547696786 0.0 
2.246602798164645 3.0547748500689016 0.95 
2.0 3.7521509389188816 0.3487057751864005 
2.0 3.7612395718386478 0.37912024498635943 
9.243190092036993 3.4341886643494233 0.0 
