2.0 4.129248480655541 0.3704706489399018 
44.79145957672408 2.7620403660530655 0.8122660499129981 
2.0 3.771228376653458 0.13413061040658308 
2.0 3.5017478731063476 0.2833348200390433 
2.0 2.0 0.005578497645293223 
2.0 2.0 0.0 
2.0 4.094023328025896 0.0 
2.0 2.0 0.12557130929598925 
8.05 2.24265784667451 0.0 
2.0 4.7517007036292185 0.0 
8.796095535835699 2.0470583460338148 0.0 
2.0359330372287054 3.00988840292692 0.3082129395390914 
8.012729198020232 2.840726492421535 0.0 
2.168023854141462 2.547093472999169 0.012738756420095972 
2.0 2.6565584245299103 0.39944991317833584 
2.0 4.440891127728237 0.31156462259484063 
2.215333405414411 6.056628854805851 0.5 
2.0 2.987202204449779 0.5072600512837226 
2.0 2.5946895566607067 0.5424842245225661 
2.0 2.920130300711918 0.0 
2.8775833542492744 2.9313752710041108 0.10961859413754069 
2.0 5.64112282317004 0.1903543882697292 
2.1826200112662497 2.5882688901502746 0.7741592851300995 
5.450819372128757 2.0 0.0 
2.0 2.0 0.163688833440895 
6.6616601835154645 2.0 0.0 
2.0 3.4271921101549276 0.24540666165358 
2.0 2.780665069459751 0.6894385785417961 
2.0 2.587111569671835 0.3416521223535491 
5.6942223819622795 2.0 0.0 
2.128933325200541 3.065306309551433 0.7187170304465937 
2.0 2.7034673702741867 0.171295521656311 
2.282298414469846 2.6454096337722586 0.8115608375305404 
2.0 2.7058845178493405 1.0 
5.216192854349796 2.950859913256715 0.0 
14.584571684035282 3.3240342665315366 0.0 
22.269231450546428 3.052771476930073 0.0 
2.0818422656410425 3.0888808089608046 0.6263932918389432 
2.0 3.4767918894380374 0.4676235478605909 
41.06217588510491 3.6624039587878405 0.4639422893147205 
2.7246933958797133 2.7008052358261967 0.1642766181174641 
2.0 3.024368113603992 0.6424787429143488 
2.474667393914511 2.6743879297559983 0.8284334038360374 
2.344667132863883 3.3251023192140363 0.95 
2.331301062386087 3.117337978910501 0.5774196738193232 
2.2719752798612665 2.839208734100908 0.918602032384581 
11.78314511691283 2.7683500110470805 0.0 
2.0 3.475758601634077 0.8668797098407615 
2.194120117894748 2.577502219464278 0.41672619602213873 
22.66116042807929 2.60831786107168 0.0 
2.416361666778217 3.264417127638238 0.19794351584076658 
