36.87901134555359 4.254691435996492 0.08118808979991377 
11.024460858379243 2.577780631973707 0.0 
2.0 2.0 0.0 
2.0 2.0 0.029109965977008156 
2.0 3.022767300413413 0.6293574162898632 
2.0 2.9596362627217907 0.15316762044023088 
2.0 2.732027328613533 1.0 
2.0 6.377816840991773 0.0 
5.096867903193252 2.556300483109092 0.6735068119323405 
6.121924862584864 2.590552871327036 0.0 
2.0 2.537102742049218 0.03260069003085739 
2.0 3.4864032401115805 0.55 
4.0523936183430855 2.8194602809233063 0.19243755111099572 
24.888924788445934 2.0 0.0 
3.396357691503531 4.2009228714539155 0.24294334334555034 
4.254476424010875 2.0 0.0 
2.0786132812255667 5.527313697115522 0.003483163014244139 
2.706047929081822 3.3772990502863314 0.7284220373887031 
2.6415155907596573 3.927307479330122 0.5368153153613181 
4.228203011357262 2.1582052225310373 0.019050181914675644 
12.274066707293146 2.5743830092694484 3.9198796526409625E-4 
5.263076734323655 2.0 0.0 
2.0 2.8296597280135485 0.39884728640970957 
15.876063781884872 3.0401097778965642 0.0021337265467602845 
2.7505455416557822 2.0 0.0 
46.02185999460791 2.781453655125618 0.5260398572229095 
2.0 3.2824723746658555 0.9284016748799706 
7.992339900974445 2.622540035734682 0.2564461828765427 
8.729354867315394 3.2912977271551243 0.0 
2.6549560083677184 2.0 0.10349736017677247 
2.0 10.221463984182046 0.0 
2.0 2.600669018197067 0.23672384711029631 
2.0 9.472861667592506 0.0 
2.0 2.9734700661210116 0.29182645338603513 
10.608649481819404 2.0 0.0 
4.739029141447755 2.7827124613254934 0.5450354826522543 
2.5168364454583037 2.9253888626548292 0.5761807754009906 
2.0 3.4512229247169497 0.6557543735884528 
2.0 3.644316158885243 0.36050056478907566 
2.0 2.5217081930675262 0.570140916762045 
2.0 4.341950367697421 0.552049658914196 
2.002170377668799 4.0900904420034845 0.5842709692302406 
3.146979612613917 3.0753903279094605 0.855156885058836 
2.5614149830905473 3.1995733288147656 1.0 
2.0 3.920632438142814 0.6193542343431206 
2.0 4.260890701113222 0.8299233805684111 
8.130732120913043 2.94015666055953 0.5 
2.038649583993658 4.164142051854913 0.7208292006506087 
22.96508568428159 3.455526035537053 0.17111729831045178 
6.003079363111855 3.4906479249178552 0.9940708743498949 
3.404574426116664 3.1236664797040112 0.9267055791447705 
2.0 4.2805908496333 0.28729236248180706 
2.000504349513638 4.062445467811849 0.6656299313853379 
2.0 3.7116093264577144 0.7655327166841817 
3.0205352342982286 3.1606677770542637 0.8374714786263887 
