3.7182092439353145 2.0 1.0 
2.668825324470916 2.0 0.4438745412704928 
2.0 2.0 1.0 
34.16283190830842 2.0 0.5384186448511763 
4.788085199240297 2.0 0.862367372690974 
8.918290877347061 2.0 0.7365303771753856 
2.0 2.8011050647869347 0.1746954978090438 
2.0 9.568191944622807 0.36236737269097397 
15.194288574205885 2.0 0.890956292775158 
2.0 2.0 0.7107827966736127 
2.5226160029553144 2.0 0.6218037610318078 
19.151686938378322 2.0 1.0 
2.0 2.0 0.0 
3.466799551678577 2.0 0.5 
2.0 2.0 0.5278596208306011 
19.55139180863491 2.0 1.0 
13.079082455441835 2.0 0.0 
5.526015024997093 2.011313656629496 0.9192618324280755 
13.16250006197457 2.280821450947435 0.5719145289427179 
2.0 2.0 0.9496683580074503 
2.040802305594288 2.0 0.1641681731050716 
3.709358591595511 2.6465776090792517 0.18407612952462782 
3.2696322640683633 2.1963945718350697 0.5735855450009272 
14.459384208327943 2.2733860006628905 0.884216824061471 
2.1467063746461723 2.0 0.5525596818732927 
7.3518044850826385 2.0 0.8892136706841205 
7.628210209514135 3.0407000630798127 0.0 
7.293933076572477 2.0 0.2576223777709672 
3.6961845535557094 2.0 0.3521220807349704 
6.811774814187917 2.0 0.5741598027045753 
6.846490157029564 2.0 0.0 
3.0073345784111796 2.175800258188197 0.8007982398280961 
4.593280090729955 2.021489072599607 0.708066652179313 
5.855055032688079 2.063617454550628 0.6662084349650185 
6.472649749409632 2.0 1.0 
4.429504968393209 2.0 0.0 
11.216206517738662 2.0 0.0 
3.9365811973103426 2.2326991456347454 0.5592263749375584 
2.0 5.7513054444792004 0.37715713778636006 
8.753949193277396 2.0 0.4069567633486496 
7.669439160939364 2.4488135321240505 0.4404212565128141 
2.2089942555923012 3.309566196565436 0.07537499593487097 
3.4574337135636553 2.0 0.0 
2.1670581107865705 2.0238576027570185 0.8609340611388858 
17.999574928864696 2.0 0.0 
12.347960951284323 2.0 0.9614634804001728 
5.292945578169624 2.049332940875403 0.32531908317705244 
19.123236903524326 2.44351523884232 0.5 
2.748799619903016 2.512295250670128 0.31828167869429635 
9.986591248931418 2.0 0.49571965084930625 
2.0 2.3955186307528344 0.431446352022985 
6.372744954593798 2.001498399981254 0.0 
3.3653032086529784 5.280190497314921 0.17328820704907233 
3.749428132586913 2.0 0.25804386885460195 
9.633406004384005 2.158962742922258 0.0 
6.399199367915221 3.0892319804890596 0.0 
2.0 2.0 0.05 
2.0 2.894932476209873 0.30523643798024924 
2.648718325585992 2.0 0.8958801738149921 
3.105432716020923 2.070126038604017 0.7172269656992886 
3.10278954910512 2.0005991675825054 0.9490690578808263 
8.058800372277211 2.0 0.6449759535358845 
9.770035987025878 2.0 0.524125547332961 
9.334722461201121 3.1748584430384947 0.0 
5.468446329113448 2.018717899670365 0.0 
25.93354973412374 2.0 0.718003751440415 
7.492403424623064 2.0 1.0 
2.0 2.0 0.24065662187449613 
3.211533476988339 2.1336935347523367 0.3503471646725792 
7.322690100307138 2.2494353123780537 0.5 
2.0 2.0 0.1954028854220079 
5.894293907395208 2.2919024605398333 0.3871574342128089 
5.018950957382519 2.0 0.49866672098711406 
3.30828638560237 2.0763384185844034 0.19700960040750518 
6.5190771919896235 2.0 0.8408382579823647 
35.525573797614356 2.040913114961565 0.0 
5.173336389568028 2.2784230300234234 0.2592911253292334 
4.1968658701466355 2.348475566801535 0.2409064275733537 
5.21909280026636 2.0 0.22488356064330267 
3.7341702737473295 2.7096132254214993 0.25099456349940824 
3.330508448960253 2.5680477600464937 0.005557117874062573 
9.561579118026685 3.2676861970492777 0.0 
2.1010001867191033 2.752555419999206 0.01407801580168669 
2.569432898724086 2.004193156507926 0.30719190407942976 
8.279256708533516 2.0069596700317667 0.7609488380538468 
8.500435042001113 2.1045359239414125 1.0 
8.368696028111467 2.0 0.8199670769934047 
17.056531083736367 2.0 0.8213130969495127 
10.93241869109125 2.7443281758370444 0.0 
12.945863362237114 2.6546259531459193 0.0 
2.0 4.230901306022175 0.20603355623995118 
13.326355337739116 2.0307526715854625 0.8647928320261843 
4.545155002864222 2.0085606928322215 0.9504136936127502 
9.866633474791422 2.0 0.9897407265331275 
18.630479936680782 3.2236649133368385 0.0 
7.798467847652544 2.2105522560445947 0.39804183291600337 
2.6823367615638496 2.1857538076557694 0.55 
2.0 6.587136839819266 0.1605931972447392 
4.038892142291333 2.265025451707945 0.40021315310454275 
3.0912168585193456 2.0 0.12614759511125007 
