2.0 2.0 0.0 
2.0 6.0305828611931505 0.17030341439032903 
4.861149867109411 2.0 0.0 
2.0 2.950535753232643 0.6098072232171399 
2.208304450588887 2.0 0.04296879873806633 
3.0118619524091894 2.9206868868226703 0.02983836926162374 
2.0 4.04439611315089 0.2798631072834913 
41.710724506111504 3.118895337327337 0.8419088815485527 
8.56355277664767 2.0 0.0 
2.0 4.329483564962602 0.3212025101720556 
2.0 3.144201621257731 0.0 
6.4916523780220174 2.341059063658545 0.0 
38.83200809355778 4.334215762630286 0.5233463614944455 
2.0 3.080898598799271 0.6715716798244821 
2.0 2.0 0.11626017758583342 
7.801892431292392 2.0 0.0 
2.0 3.1247694256455025 0.5 
12.255749351829285 3.0727303840667917 0.0 
2.40597004406553 2.0002235682678045 0.1661677985244967 
2.0 3.0558754445043057 0.7791091193059987 
2.4672641547041376 2.949080931080634 0.8111424996967649 
2.4071656395024688 2.8741473062681093 0.451792231834735 
6.7877993590959935 2.0 0.0 
2.0 3.2007177037346604 0.5885985451245737 
17.76672699525451 2.0 0.0 
2.0120888408723587 2.816309225848358 1.9527181637546062E-4 
2.3220097638692305 2.943134682242601 0.35309155302675754 
2.0 3.257293845465644 0.5401390779488395 
14.71711918206504 3.0562103291899256 0.0 
2.0 2.835741331297921 0.7122960303873491 
2.0 3.0602697861009167 1.0 
2.0 2.5349479466595324 0.18780353128468463 
2.1167426318357885 4.063902638406631 0.37335349003395474 
14.06765747330196 2.0 0.0 
2.3387473874983105 3.858398951550302 0.11802216155118628 
2.2897146390491305 2.500943175974665 0.2268784911288359 
2.3248599228621707 3.192703000253523 0.38659229113678606 
2.0843052549513645 2.594504747315293 0.3134892992182448 
2.438357095504439 3.4847041968093366 0.43561509492608275 
2.0 3.2421066023336347 0.7145171445406323 
2.0 6.428452383655555 0.5 
10.325122030875812 2.566133566243146 0.0 
2.0760842641666875 3.026024614533439 0.9597521390179432 
2.013100354455292 3.0509108123837954 0.9132341529408491 
2.0 3.303349314397385 0.15214890151219096 
4.781480793100526 2.9968644479866793 0.0 
2.0 4.602467073702435 0.0 
2.0 3.1592902377263563 0.8871031254131374 
3.1805402742356277 2.73987776824961 0.1394071679440428 
2.0 3.517344204211417 0.0 
2.0 3.0506663992593213 0.8630738033987425 
8.994332067311158 2.6866189707145343 0.0 
20.607478070953526 3.1668475675941012 0.0 
23.25827001088789 2.527089856184814 0.0 
17.176674574836014 3.0930938469062084 0.0 
