2.0 2.0 0.029418313921880213 
2.0 2.0 0.0 
11.382600308640177 2.0 0.0 
41.366333601364786 3.6829522192300743 0.5 
25.002455264795806 5.533676720369617 0.1276695150051208 
5.830866140073077 2.0 0.17910689325073847 
2.0 3.2643857603133837 0.08722056049135396 
2.783970469857792 2.2996864648206734 0.0 
6.265586396493856 2.0 0.0 
51.79899509486319 2.8134422543505284 0.036788450896266145 
6.907839690322462 2.4763576410794785 0.0 
4.753426910049962 2.0 0.22970724226321565 
4.921558998310378 2.0 0.0 
4.2488487232900685 2.0891214890476126 0.0024469974545363628 
2.4395263334220303 3.410963424872517 3.434190365552809E-4 
2.0 2.0 0.7706001444032848 
4.318832123110475 2.0 0.25317732302231294 
11.467405803893381 2.104582732835903 0.2897117628650908 
3.148301828260969 2.0 0.3295152581053795 
3.2247190798171035 2.0 0.7416135619938613 
4.847753448473872 2.0 0.45466200065597384 
2.0 2.0061132017088066 0.8344418292514413 
3.476125627612465 2.0 0.46641041672061745 
11.015848724343655 2.8341654713469056 0.0 
24.277158489939403 2.2999077142490996 0.8594872053605431 
3.1227943248685177 2.197556453405206 0.12561740245282652 
3.13292078807533 2.022240957791195 0.10730553982556568 
2.892925564613546 2.0 0.8217394946189256 
2.8434637695676583 2.108642009974089 0.43527249431511794 
14.206545699825057 2.0402804435949324 0.8939385454810787 
7.794207663062493 2.0189019443845266 0.3069269253720938 
10.11433659146092 2.3063827846440326 0.7280164266689175 
8.508482811497702 2.264355394523376 0.4695407089974868 
3.303721048081758 2.0198582405378445 0.21228114281921867 
2.1339180950972523 2.0253663934834676 0.7490201716828715 
18.482553698178336 2.488663484986557 0.6989388652020434 
2.731212892427613 2.004233422198055 0.6970880552125434 
2.0 2.0 0.7066833935956303 
18.10197356891939 2.0 0.5792941576680926 
13.230315774762541 3.48618982011505 0.0 
10.785786937853775 2.0 1.0 
7.2556748291793305 2.0361949840872673 0.21354748173705895 
12.05322226880199 2.131536576228973 0.4788992537920611 
2.0 2.0 0.9174972838277591 
15.04271408682322 2.095286388523828 0.544225617811359 
16.968617090579745 2.42196490215038 0.7031312982299306 
7.217231210659886 2.956671687707141 0.0 
2.648605751333994 2.51650970817298 0.6361047107771272 
3.7114267802147323 2.0224542743949563 0.8304573067418382 
6.3458123668113835 2.0 0.9543090729978043 
3.931927447664819 2.0106001958301283 0.8921377239010626 
13.596735050935067 2.0 0.6932195869783292 
13.014931021775709 2.310067304510045 0.9413523818510681 
2.809563039258697 2.021140500102848 0.8277318055726058 
5.850148848528197 2.02496280263598 0.7597764014502818 
4.2268819801329025 2.0408689824053274 0.7688693845222421 
5.539644799435079 2.2905735746208338 0.711552139557506 
