23.19128342773004 2.0 1.0 
59.81522028027321 3.438288211760022 0.36506962688661815 
2.0 2.0 0.8401081568056368 
2.0 2.0 0.7386129883714725 
2.0 2.0 0.7234362380275656 
16.98537512294625 2.0 0.6518425470099771 
39.30150073049057 4.499790146130142 0.5494090893417827 
2.0 2.007977714874394 0.03263962316911373 
6.340481540722891 2.0 0.0 
17.514614657953537 2.0 0.6861844960070641 
2.0 2.0 0.0 
11.28695661578567 3.153596722882569 0.0 
2.0 3.1649433656598753 0.07845914301603549 
2.0 2.0 0.9177560637526971 
18.45548818865185 2.102786648175713 0.6524753450674374 
2.0 2.0 0.7732020924497983 
3.4565413009744548 3.49684323741322 0.6816405875209559 
8.071720038629012 2.0 0.3158646750234384 
4.6328658209269795 2.0 0.0 
11.182860459042512 2.023419023931807 0.9805679738894351 
4.276544428452221 2.315025789584012 0.05778412981411182 
2.0 3.3179431365826586 0.12138938233354624 
5.294392839300366 2.0 0.20854341057871284 
3.148756492075846 2.186896694298142 0.8158406857346011 
26.567377369855578 6.3127785196905855 0.34474053486188133 
12.112890683528516 2.108062715821814 0.497778075691595 
4.449934194407152 2.5251770696201805 0.429785691628124 
14.392721433889456 2.119025969729705 0.5214237309943963 
2.7978335307592612 2.1054322284603812 0.4626953091038169 
7.318089032246402 2.0083047678255 0.21335739868118186 
3.479079451457756 2.0 0.0 
14.83134519241513 2.10490060282627 0.5348119318631279 
7.289772719566165 3.1605179447664176 0.0 
4.303978790999416 2.0 0.7266903836727285 
5.916731594871055 2.0301543716590658 0.8878133673591262 
6.410281081335511 2.0751156329355256 0.7257539036787247 
2.0 3.11226334348475 0.010166608929528018 
3.568243761754067 2.0 0.8065228334963069 
13.525495866027995 2.0 0.9035174574830573 
3.6005602520842572 2.0 0.8995947165284487 
4.3000799633092175 2.1324729910584534 0.801733468568107 
10.817006677639316 2.319480226801483 0.8478614429691917 
2.5414921560243604 2.968879125904723 0.6030320486768248 
3.1238873542173695 2.115968728167129 0.2129640536171626 
15.835248540561455 3.021380019019247 0.0 
13.489035366361954 2.0507239259593306 0.9277525906828412 
2.8362785043230327 2.372799539767095 0.7348849612568981 
6.184826856171693 2.0666052415960388 0.7818677300103949 
6.846716118869545 2.0 0.0 
2.9265915693416034 2.0 0.10107164907869592 
8.586199633027471 2.0 0.5 
5.837180058940238 2.499133707997871 0.9035462884387679 
10.465540936792834 2.0 0.6375923908085115 
11.331853733304907 2.0 0.0 
3.698558337578903 2.0120031754830694 0.10669608619841305 
4.464790291099675 2.0767415585162388 0.2767228947177628 
3.08524584068435 3.0099330719331716 0.6564495038226533 
2.0 2.837604150947734 0.8668515686335904 
3.066812303341276 2.0 0.33347603701588324 
5.993146663761735 2.074054924735807 0.19966241839888943 
20.45884058882838 2.5046810696815203 0.0 
11.413891564376863 2.0 0.2750749556562506 
3.486245984391955 2.6493445831836704 0.8338223642720539 
24.008489182028637 2.5650817410886435 0.0 
