26.0421109195037 2.068850586670111 0.8553189052323455 
2.0 2.0 0.7280683114868882 
6.468945604462 2.0 0.39954820773834676 
2.0 2.0 1.0 
2.0 2.0 0.5187742303998834 
6.878554936152685 2.0 0.54415193320496 
4.121719869680611 2.0 0.37394676747608546 
3.1180222028853986 2.204959568989561 0.3472473528409547 
4.568051322886873 2.0 0.7074537706414937 
2.0 2.0 0.539968780029871 
2.0 2.0 0.01009049177138388 
2.0 2.0 0.24029064524129795 
3.4823192489720203 2.0 0.3165463732839436 
2.9608831956618618 2.0 0.5391405122076578 
2.0 2.0 0.0 
6.688942150109439 2.0 0.21171735754464913 
2.0 2.0 0.15664012074005 
2.0 2.226533991499963 0.326016967244523 
2.5639519166507254 2.000691662146363 0.6046121934867207 
3.0208447880680644 2.0 0.5 
4.885571831897936 2.2424845574128383 0.314883309887655 
2.788480895056617 2.1316456574676756 0.9555412979145839 
2.0466213026679227 2.0 0.4306978066363504 
11.337482789882106 2.0 0.0 
9.27026737462956 2.0 0.3776676603527822 
3.6333933580366065 2.0 0.3234975260387183 
17.656463706660002 2.0 0.0 
8.702408011970762 2.0 0.9241067695552829 
13.098188167393587 2.0 0.0 
11.311161195424127 2.2654852269796333 0.27333657887052754 
2.0 2.727479474396425 0.3274126249238473 
7.728826696616882 2.0011703400753427 0.37530541124870254 
6.80861558019884 2.133436888902856 0.785046761393759 
8.264639906114931 2.0 0.6177999531521547 
2.0 2.395 0.9393263495695207 
5.0286425569508335 2.0039519131639145 0.47709307078918667 
6.978013448403997 2.0 0.4589695679311885 
10.281945889740868 2.0 0.0 
10.059193565199891 2.0 0.5013993952530014 
2.7799696629596538 4.452737515868019 0.19280070456498388 
12.60171119979449 2.0 0.957813366253045 
3.595434953698475 2.0118365793859465 0.22707275886888656 
6.267152625591799 2.302849559805204 0.916075576065756 
4.238421151417349 2.1650610752228245 1.0 
19.439343240773535 2.0261627577519867 0.5781907364556126 
3.512850946963165 2.1072606221734693 0.2567332529929424 
2.759918364516985 2.002846450489462 0.5722225690313788 
8.090523318828595 2.4215787630606327 0.4687433302866495 
5.374619400702578 2.000632416445467 0.0 
2.0 2.0 0.8677426787370784 
6.41385512420073 2.3401774417825054 1.0 
13.593001746326731 2.0 0.953327208757282 
2.270264180233509 6.449865434048704 0.40590316702349505 
13.154765777367993 2.3479552144364204 0.4957856477583929 
5.529851958392451 2.111260912292485 0.0 
3.179075932247816 2.0169358848362013 0.12514104868081244 
10.373327814181101 2.374645366300681 0.4904914958538087 
3.4026554293939903 2.0 0.8018825967663621 
2.0 3.112408289340004 0.09395374849403682 
6.722433262663598 2.137556044660179 0.9821230798081986 
2.579578091833135 2.044357284379343 0.7161773915229295 
6.835561365577537 2.15271586666884 0.0 
2.923478473347818 2.0 0.4208126873515237 
5.095200826467848 2.0181678031956443 0.2682634317726908 
2.0 2.5628973209461767 0.007898379404406228 
2.0 4.073717868184509 0.22330764836761147 
40.82335629789135 2.0 0.0 
31.812716105886587 2.078059011531992 0.5 
8.664263139132224 2.3284202029722274 0.7120976072934483 
5.718334083085786 2.0 0.666173159193119 
2.0 2.044281831647367 0.19557855288680306 
6.486652613505531 2.638612858442344 0.0 
2.9660658902916097 2.2441815395194666 0.0 
20.042827247735538 2.0 1.0 
6.6196358825383435 2.132046814357187 0.9274381575008956 
3.2561789910284604 2.0435688123468827 0.86594787995705 
12.01643749314342 2.0 0.9311994061480853 
3.85401692635621 2.0258988080308695 0.0 
18.840451996206156 2.2265475880210337 1.0 
14.740356735330657 2.3427301481078433 0.8402365786562956 
9.377430307423563 3.1602018815210804 0.0 
2.583281483575978 2.9324775348040233 0.29951380336285877 
7.587468436081062 2.0 0.8731635381949993 
3.374377848679016 2.0 0.2221114249194548 
2.91103741692221 3.422035467262628 0.038365212917333844 
3.869106673022397 2.0 0.5835844397309875 
16.79990180624201 2.0 0.631773517759791 
7.69435151040582 2.0 0.7421623927758976 
11.343859074720491 3.299403998799418 0.0 
4.656255510848604 2.0 0.8213014170805253 
9.956503498706596 2.000068090424859 0.9216221479450208 
3.461458181570868 2.548357875504745 0.14013201012779958 
9.544925266323137 3.0393002253658987 0.0 
2.0 2.6523057830819092 0.17039200923868458 
7.54676293066036 3.096613868801256 0.0 
4.5051676508843475 2.170837170954111 0.9776913775739209 
2.99987018774382 4.743574596065857 0.07177472924293049 
12.660441919561496 2.9476520057236915 0.0 
2.0 6.708662657821365 0.13076822783915346 
4.236632942819388 2.58729128358329 0.23385362961358114 
