2.0 2.0 0.0 
2.0 2.0 0.122405482064117 
2.116803395901118 2.0 2.4887817207419616E-4 
46.73460340235732 3.2976094925960355 0.25255147923819576 
2.0 2.7677292198638144 0.05981582212934841 
2.0 3.1066422665109124 0.6186167819240455 
2.0 3.198374332484247 0.25332209485878476 
2.730237255271369 2.579257752913939 0.05020708178732325 
5.1490072763268735 2.0 0.0 
2.0 2.522803273772902 0.4854503713524546 
2.0 4.021181663184464 0.0 
2.1271688311430985 3.265230023245643 0.49585233192916595 
2.0 2.6643546459271956 0.0 
15.406693997991463 3.097095990247288 0.0 
2.490613721756244 3.5256919476094644 0.3859522072931966 
2.0 4.638286982007537 0.0 
2.0 2.808159796645266 0.3649742785676272 
22.909270568849376 2.767814942373453 0.0 
2.0 2.0 0.17507808207139738 
2.0 2.9985847431404604 0.4108759479415417 
2.0 3.1604657205926983 0.1676711954546159 
7.039578659035552 2.0 0.0 
2.0 3.2953057665284096 0.7100014028805144 
2.0 2.871584415334227 0.7709364366951332 
3.376786509341184 2.6871638742278123 0.14775368049814822 
2.0073787129910143 2.7445258629156624 0.4169529798538534 
20.739927312821283 3.2423062403566325 0.0 
5.7527094368676845 2.0 0.0 
7.69175467944666 2.0 0.0 
2.0 3.4737130949353316 0.7886040095390192 
41.23137278775104 3.7442348366291576 0.48214130248771125 
2.033596919928014 2.508132221343163 0.6005430522691533 
2.0 2.991720047431671 0.5458203867135523 
2.0 6.005809164145688 0.2031299059076278 
2.0563428664258994 2.5224490518421465 1.0 
8.626160424263842 2.172205551050273 0.0 
2.0 3.2487839159313805 0.642567632288558 
2.4212874682424923 3.7853725044988527 0.32926157923304694 
2.0 3.0735159656996913 0.8680705656838803 
2.007903510450761 2.968412209211779 0.9090599940979727 
12.04692706333226 3.4912287409828964 0.0 
2.0 2.8880704324409012 0.33218456368458515 
2.0 3.4852349104362017 0.7420936004202339 
2.044274779775137 5.789090643737918 0.4509781554771562 
2.0 3.779652959079557 0.11959912571480476 
2.0 2.618753949094587 0.9499061776378513 
2.0 3.826849731467031 0.27687163694016387 
2.2113001566599264 3.127412969672132 0.1967755956423691 
5.395245222692627 2.5602924235472084 0.0 
2.0 3.1611687983600447 0.8567429551625095 
7.606211185918712 2.7749578285707672 0.0 
