36.68793575633652 4.08732775184179 0.8122785644514445 
2.0 2.0 0.0 
2.0 2.0 0.015325477279540978 
6.198097245835481 2.0 0.0 
3.6817387406640485 2.4257771442520344 0.08349508363333857 
11.054621433105101 2.0 0.0 
2.5175820120641395 2.0 0.0 
61.316336370248266 2.8192173743935838 0.25436166790001324 
2.0 2.0 0.7795625589932296 
17.938917829253455 2.0 0.6974977781279951 
2.0 2.0 0.7170127635708552 
3.038924708552481 2.0 0.7181929736570358 
7.471772899014688 2.0 0.0 
5.512415589712553 2.0 0.9196008998354985 
3.9805310425998455 2.4897209226558905 0.2936043062391255 
2.0 2.8593574747015307 0.016007312544807223 
2.0 2.0 0.7454506856923258 
17.967458685156416 2.497796233631274 0.47236702674771225 
5.0017027865607036 2.0 0.0 
2.0 2.0 0.9083517524509357 
3.5287468666166157 2.927297888549895 0.37781707523181846 
13.919722311876162 2.108829126824293 1.0 
7.371455412214079 2.9117144086385487 0.0 
10.677971064267872 2.0 0.3254829982766042 
11.710507029806788 2.129250394731719 0.49780439050840236 
14.119898178697238 2.1854697801686847 0.5605657424520404 
10.172982896858702 2.0609746218613805 0.6409817307318583 
23.051285597376843 2.0 1.0 
2.8559638879315163 2.0 0.08950149907837679 
5.73136389438088 2.0 0.6736558385603766 
5.74366048567129 2.4132831350790647 0.8225885630322776 
6.433849524253681 2.443981672263769 0.16661884374480607 
2.869770830785699 2.9944906777116724 0.6341175826348322 
2.0 2.0 0.8472595861671559 
4.525453480316019 2.516076438827867 0.8660327908151921 
10.668507125553123 3.404963982678851 0.0 
3.2837198646692904 2.527645157051876 0.5690666675264 
7.991444791243217 2.0000298947725144 0.3483616284398946 
14.558784515521294 2.0 0.5250365274785382 
4.199413678647147 2.0 0.7928808248753502 
3.389460410104202 2.482421441145607 0.6848538403484231 
3.236966573295057 2.0480366046627174 0.816287613776211 
2.795997549248386 2.1878581574717773 0.3183649825831174 
2.792783643442807 2.027424745616988 0.8509088448076827 
9.094032878985685 2.0485306046522047 0.5483266261062928 
2.0 2.5906475909162836 0.8287819415825749 
13.05627559385881 2.46474845268805 0.9647589359691191 
7.232403758950068 2.0243519615851304 0.23073945254857653 
3.3520220636010487 2.0838022706973667 0.1311758329166393 
2.6184670350495107 2.7089054116550164 0.7241500259044225 
3.281395278883834 2.64731582078781 0.7746816104994154 
3.8548201388309065 2.2069547969467385 0.8943366873465589 
2.0 2.754183905496251 0.07700451512879036 
4.64671621516198 2.210134727757608 0.2126401597085253 
16.55779995717875 2.165794020220242 0.6416846030143999 
15.728002020059957 2.8635682517802308 0.0 
3.8504655035329294 2.081001531269041 0.8134958782820557 
23.013410748905358 3.3243633220800843 0.0 
2.0 2.666323662392047 0.8693063122558383 
11.466724357940237 2.0 1.0 
3.353195587961115 2.274799436677556 0.45791048694040254 
26.993249695746332 5.99918549503873 1.0 
2.57118957767944 2.217824797351049 0.2004818864686299 
10.649020996276022 2.129511677480747 0.8432944612068813 
