37.168021093713946 4.029134702210179 0.4211030622341905 
2.0 3.364312159906532 0.7343872331093194 
2.0 2.0 0.0 
2.2645996887757693 2.787087684415658 0.4284347003106929 
2.0 3.4951842871245105 0.7897032309200502 
2.0 2.787905393626649 1.0 
2.025137278514472 3.3098011360883026 0.8380523712978023 
2.001952412448311 2.9485948829808493 0.5 
2.0250378501121418 3.3046203272646038 0.87134787264368 
2.001884886626667 3.476067557871414 1.1646417385996477E-4 
2.0 3.2818367838200193 0.15084777386185727 
4.590283071447286 2.0 0.0 
2.0 2.0 0.0281221731315392 
2.354925749416647 3.3998377385122343 0.0 
2.0010486563731837 3.2259769032213015 0.3901445312892213 
6.764749134811115 2.0 0.0 
2.0261623036964456 2.6349155315827253 0.9664575105969307 
5.740644290197393 2.0 0.0 
2.2097970002759855 2.755161460164807 0.6894158240194829 
2.0 3.663048388812712 0.0 
9.37091048982743 2.0 0.0 
2.002481306510226 4.3516777090816845 0.38446541693026015 
2.006365695477637 2.8129370239892997 0.6205734023973167 
2.0 3.3530011494591956 0.37527195105044175 
2.227046671424845 2.0 0.1127617510279107 
2.0 3.0678111982037426 0.48307104073078133 
2.0 2.6361732666221718 0.6740492738643066 
2.0 5.825952081711229 0.4569165418994007 
2.0 4.958138614419384 0.0 
2.0 2.8951579696598255 0.9098073364470505 
44.274445891536914 3.0666034548063683 0.17777253151295636 
11.764853996350533 2.8558497946670087 0.0 
2.42511211593955 3.2911723090059652 0.19828311339666055 
2.004641938733354 2.472917466453395 0.1535464463288551 
3.4081920628426454 3.299313892508216 0.14570458804831793 
2.205211576762415 5.56409489742962 0.16179089576798894 
2.021972587099205 2.795033885263337 0.5949464396583353 
2.0 3.3700166217451026 0.310920748973736 
2.816735251256743 2.9239906216951423 0.001788373956091842 
2.0 3.624084391017347 0.14616299233613686 
2.0 3.007768461522114 0.24402888027216466 
7.788005518697944 2.0 0.0 
18.0967037678492 2.0 0.0 
2.0007836094337645 3.1787101550746435 0.5257284386515125 
2.2423796059208616 3.149850914477876 0.7630735410422279 
16.31751254990082 2.652461240142679 0.0 
13.828604358693175 2.0 0.0 
2.0 3.685156522807106 0.3119305573599068 
2.0 4.248600324828109 0.2902959609243796 
17.161880920609104 2.655961406915984 0.0 
23.616540317526194 2.695403038524212 0.0 
20.880606510515264 2.8386680601766865 0.0 
9.505587449280416 2.810727806614182 0.0 
5.050675080041657 2.910702575499181 0.0 
9.17661450659008 3.035821929740864 0.0 
