17.96329811780079 2.0 0.617084218546409 
56.555134719582696 2.835370269975627 0.5 
16.911820723182096 2.0 0.6428797992462172 
2.877430982605702 2.5940788613389856 0.440799906449413 
2.0 2.0 0.0 
2.0 2.2019120747828653 0.011423865939014677 
36.022676482500145 3.5538039106988424 1.0 
7.1080389944617925 2.0 0.20927881859062314 
2.0 2.0 0.7156938388098395 
6.348036754780857 2.0 0.8792614837248394 
7.196092465747185 2.0 0.0 
11.430330703670876 2.0 0.0 
22.882503329015 2.0 1.0 
25.517356331268054 5.648394415034912 0.987123042988644 
6.381109459398527 2.1781228431513417 0.7018363481940002 
4.5767281997128215 2.382841898761705 0.0 
11.616406365105703 2.0 0.47851652605208883 
2.5680056661120743 2.0 0.21099909930545502 
3.140732338566646 3.2006245797871813 0.7159249955020207 
13.685342420732802 2.0 0.5376439967570432 
2.0 2.547988380045065 0.08680112977443857 
3.4379516846833758 2.3384448906133506 0.4863121209338162 
11.391400650376378 2.0 0.38265567251022037 
6.05356780622685 2.0 0.2067089809510653 
12.867975923029306 2.0 0.9407418977798945 
2.990282496165996 2.2228803615993087 0.13781787025072817 
3.3014783685814204 2.4497523887911843 0.0 
3.6034507896141723 2.0225083264030133 0.09786399920937068 
2.5506327619729334 2.0 0.6940285678258423 
6.625990285794558 2.6788111464341755 0.0 
17.811055392584898 2.0 0.6765982115068414 
2.0 2.0 0.9063911981788223 
9.865863346884149 2.3118282895023867 0.7241139599041331 
2.8055835365649298 2.0 0.7249357337380058 
6.14048987819781 2.2532548143575384 0.0 
2.0 2.6004983513596827 0.04390657166170664 
9.01833408105852 2.0473206140367752 0.5292381544567768 
4.2626603021853935 2.0580150800008705 0.7886080960975413 
2.3506423477163954 2.0 0.7665546769125882 
8.290983009056744 2.0 0.35008955160791416 
4.086838074982164 2.0016222874538636 0.904321413981817 
6.042841044820661 2.064155034668692 0.965485470259353 
3.3257192633356008 2.2913106376245804 0.10324398068632717 
10.593172045266215 2.0 1.0 
2.6251421679662865 2.0100785135201935 0.8230898010158915 
2.0 2.0 0.8456782845439299 
14.937881324536868 2.0034132334948547 0.5 
5.450498024967636 2.5587695804462673 0.8768120768720475 
3.4526428697347242 2.0 0.8412127756921626 
5.278817935417414 2.0 0.22586701565421635 
2.0 2.0 0.7303152661729617 
23.244650143415107 2.9455325931662353 0.0 
11.493311228121236 3.0462714278370258 0.0 
3.5517448803195597 2.017871089396883 0.837736543618592 
3.494586445910377 2.166990635133883 0.3130545286793276 
3.9914876554920653 2.1177501263995757 0.26805353621853933 
20.41880284625981 3.431019036021379 0.0 
14.452750616875205 2.0 1.0 
6.324823760611425 2.0 0.7947867661843355 
13.424228979823084 2.899871285488688 0.0 
11.400469530912007 2.015633732792361 0.8476092613928149 
2.855332055918403 2.0 0.4483482502864755 
