10.625308973348396 2.0825625761082893 0.38508575073204065 
5.961493808763347 2.0 0.3919333185545054 
9.07468868167509 2.0 0.6720772985200377 
2.0 2.0 0.3185559845173874 
35.2665616173176 2.0 0.773160280252158 
2.274276780391089 2.1980955526775006 0.7237364788074956 
6.65486612813703 2.0 0.5 
8.934211235678276 2.16540787605662 0.9107393112045514 
2.0 2.0 1.0 
2.0 2.0 0.8728730614404042 
9.802731048141135 2.0 0.4013997706011684 
2.0 2.0 0.5300522163261483 
2.791237390944027 2.0 0.7989548252573047 
2.0 2.0 0.9327979726414366 
3.475837354145518 2.0 0.0 
17.240486341723514 2.2495545711085727 0.6353281937586074 
13.197425626417584 2.0 0.0 
2.0 2.0 0.19525536477703237 
2.0 2.0 0.24908010140731618 
3.9335479945631304 2.4781663850233917 0.29895482525730466 
5.149211636613185 2.0515168540820543 0.9890334373028287 
10.099554135869129 2.822903711675721 0.0 
3.0150571198197964 2.0102653586382 0.34747893689536935 
2.0 2.0 0.5130533175021466 
4.068278316574103 2.0 0.20463208579946413 
2.0 2.0 0.16356933800800932 
5.2368333421394855 2.3472504506973753 0.7316467890754162 
7.098435013520016 2.0 0.5705541608345901 
4.254126092819191 2.0227961681236435 0.5639826452089618 
4.832601906635498 2.0 0.49900299708087487 
2.0 2.0 0.0 
8.421336773608742 2.0 0.6476019846584442 
5.032877674879991 2.0 0.26354368069155093 
12.88031571431145 2.016168606205344 0.6408843615922973 
2.510153997817538 2.0 0.5267613145828753 
2.8939249534683844 2.2904231499185532 0.6254774337760394 
7.203706635705026 2.0 0.21607759761075546 
3.2721325276148536 2.0 0.3142432515340674 
8.589530201293918 2.009556654900624 0.3954936391394726 
7.928070168771169 2.004783638252508 0.5 
2.881378456784792 2.150469567096196 0.4318311307257698 
2.0 4.320470342615355 0.2154118972004103 
10.092973641803132 2.0048366936181035 0.0 
2.0 2.0 0.021891990283952917 
25.596075098958377 2.0 0.7257357654559679 
2.954830522229232 2.0 0.5985691487112926 
4.109626198999442 2.398357078120063 1.0 
10.67452110088616 3.175088109919407 0.0 
8.029842304159498 2.0 0.8625532052528229 
2.5628299417506772 2.0000902865041925 0.20099420897680192 
5.7333172199857305 2.376266863982682 0.8945467010611937 
5.475311093354819 2.0 0.35193971759975207 
12.893532675466563 2.0 0.828876193079371 
3.3353310934736506 2.0 0.9691572582043092 
6.48158547446378 2.0239795519009576 0.0 
10.470315918647316 2.0 0.5017778482791666 
11.479059004662213 2.0365597789064744 0.0 
2.968755554426745 2.7599344170488482 0.13045309392959184 
6.706868779785424 2.260509159835012 0.8094791372431291 
3.941367064968933 2.0 0.0 
7.957119871965535 2.0707008044674917 0.3902548983527971 
5.367516563996805 2.3337054878081336 0.8517144773960522 
19.071862044022772 2.0 0.6582345623608081 
4.4114159548638145 2.162597928091648 0.3492759522330924 
11.98131254541665 2.003517579370067 0.9717078147950835 
2.6497764800535766 2.5127316899004253 0.07234243260749296 
2.804971800631593 2.0546625105289307 0.8969574879734934 
3.188151921466 2.043714917651848 0.5 
7.226998287184541 2.038534733593532 1.0 
3.8714420696194276 2.2010279413101124 0.37715182176068845 
7.282121198884607 2.0 0.0 
2.706176476004361 2.0 0.7459780194199696 
6.912536391865682 2.0 0.9011044693826493 
8.430912834303268 2.2178991384258224 0.788127729916873 
17.987875850158254 2.491909168746313 0.0 
5.4454365599280665 2.0403798673392375 0.0 
14.394548173718697 2.240558474052668 1.0 
6.0949948001217304 2.0 0.6559572394275903 
4.180289700751349 2.6761163051130503 0.16063424405666893 
2.0 2.0 0.43856354433737355 
6.351213645818931 3.1950160295213887 0.0 
19.24855200978563 2.0 1.0 
3.796513813692125 3.230616230918543 0.23197515908479827 
15.24698802601771 2.2155509544988474 0.7669334596845636 
2.0 3.132550965400914 0.3214357792112228 
2.0 5.929782748242518 0.3699285965449228 
7.800494193391627 3.159733665041207 0.0 
8.985163351019574 3.048984982592889 0.0 
40.367889718981715 2.0 0.0 
3.4803275038909582 2.0445945963386754 0.12227826751053812 
2.034692946434105 7.053355590713315 0.01871355631477122 
5.9991502752763575 2.0 1.0 
18.598579614548427 2.9026764851304727 0.0 
9.948945020655252 2.0 0.9585456529124796 
2.0 2.5683694270154014 0.09109222703026604 
2.0 3.200232562679327 0.05 
12.617710539673354 3.490751841868722 0.0 
19.639115309072437 2.0 1.0 
3.0951772895448117 2.598727197606993 0.2865414872352761 
5.177099000437096 2.0 0.218375714872414 
