2.350805580220962 3.9169096004045163 0.22100797264231709 
31.934925792239543 2.0 0.5330967720382016 
2.0 2.0 0.0 
2.0 2.0 1.0 
2.0 2.0 0.8672201826828787 
2.0 2.0 0.19542166672946998 
2.0 2.0 0.01596533913116993 
2.0 5.873649570319092 0.39187699976000095 
2.6317548703145164 2.0 0.5 
5.800324952801152 3.035310900142802 0.0 
2.722009086359787 2.3076291006624388 0.31227182528007397 
7.447727576443644 2.0 0.0 
2.0 9.52222485784647 0.3454331266037615 
17.98814068864244 2.053542301485988 0.0 
2.0019861189234724 2.2391767154089846 0.1585291765415443 
2.0 2.254791060776063 0.5278775818716954 
4.436564584367659 2.501633031481818 0.22340225514364614 
9.719073313901191 2.0 0.5 
36.236872291606076 2.0 0.0 
2.0 2.1307690461051614 0.43608917731230007 
7.548241697000205 2.0351537146990695 0.3220130645123963 
7.583994348275384 2.0 0.4793115285571309 
3.859805030980005 2.0 1.0 
25.439165717823325 2.0 0.7441037304096715 
2.3400820509483915 2.107045485884442 0.536057773372095 
3.7879664209024133 2.040127846793407 0.2666219440987728 
4.67138781552238 2.043724510590224 0.7408671759891372 
2.074090787556309 2.0 0.7154964161330611 
2.8541500581311716 2.0667639403621707 0.597812749410999 
2.0 9.030775086300933 0.24618834483872024 
5.576207832025819 2.4792996581705027 0.44147060268404337 
2.8597171970894797 2.1408345183852533 0.8778872046952609 
3.944712843497172 2.0 0.3581677596818581 
2.0 2.0 0.24509329467333935 
3.0048465874178603 2.0632457092371945 0.5544063757435637 
2.913504597904918 2.1660473422115034 0.7509851813274603 
3.681791805924206 2.1658495153978 0.23375483896177626 
6.163437213981313 2.0621270290559823 0.9302169232874862 
3.0045030330144353 2.0 0.6382561124338442 
7.330227642521578 2.429630960181907 0.5490209052524306 
18.78689519502452 2.006069960097314 0.5 
2.0 3.2069347487113466 0.038774548902594685 
2.0 2.046018509693987 0.9319229827746178 
5.031534635923186 2.24942353486457 0.34232459857068775 
8.05 2.352510587617813 0.6543745859406864 
3.676250042020933 2.0 0.5967079715198913 
6.76075873072994 2.0 0.450382869084234 
13.261839690507884 2.0 0.5 
7.165196679153512 2.0 0.8142325973227202 
6.838979749784634 2.0420625549095304 0.8861783691369263 
9.109542574991373 2.0 0.6809590870424581 
2.0 7.498741753225415 0.08419854443925684 
15.446156708861459 2.0 0.7487469298273121 
3.007669875879302 2.0 0.0 
2.0 2.861610029008096 0.3248602805604227 
3.2090718565353296 2.1277907103203937 0.21582157786924744 
10.670929334121753 2.5194015238256755 0.0 
7.722254635652986 2.1197723815170866 0.8973437273435649 
8.072574285354435 2.056813148808194 0.723835734383767 
4.872864745875189 2.1275291988620686 0.4785760809236951 
3.243422687040713 2.0 0.4306382946515087 
20.370182304293277 2.3977680343225143 1.0 
4.853851106421658 2.0 0.3060104194916968 
6.9489597610378295 2.381404135913786 0.25542742477000446 
10.306895931882718 2.0210926933004516 0.0 
5.637226393630285 2.1183214264104047 0.9770352358530656 
8.149857452840825 2.9003771446341142 0.0 
12.740513430828825 2.6428737215136335 0.0 
5.691350190474 2.0 0.0 
3.8313384758478106 2.0 0.0 
4.685021803339828 2.225281057719518 0.0 
7.198752008369999 2.4413475075176536 1.0 
12.865606834012853 2.1444217829467997 0.846276620782988 
10.230356449221766 2.481193930221033 0.4334376462089188 
10.040046045548754 2.908518411937589 0.0 
5.938843403141604 2.016815325049419 0.638019416677773 
3.1373938866832987 2.406046571662519 0.3420385180196239 
17.20602465825589 2.472715922120003 0.6415374553651139 
2.0 3.173943528386955 0.10869874357026874 
8.515191585177726 2.380957538720324 0.3481199594448382 
13.062442234778402 2.0 0.0 
4.7393973245321845 2.3290074899231064 0.9499971185702427 
8.810917051263054 3.025562812706899 0.0 
10.80513264304976 2.0 0.0 
11.872094710972785 2.0 1.0 
3.4822650805783013 2.7951143693646907 0.002504196732639 
3.950120783457527 3.1214085884315086 0.27664332037613415 
3.18746063684724 2.1819701823780955 0.1287723988629894 
8.69642327641121 2.0015397702003126 0.9340547062502278 
13.670022792400562 2.0 1.0 
3.231196349548791 2.0083006556906615 0.8257366456731283 
4.264155300443409 2.2974603847290758 0.3301656669025309 
3.018575099698598 2.587243640904933 0.32698965560236964 
3.4737025211980948 2.742538659523791 0.1503194734386292 
9.879821010353297 2.092937526425746 0.9623595395080791 
3.44160851093056 2.091766616147937 0.9451897100091959 
2.0 3.1456532235673045 0.16872025114400313 
18.654052227339825 2.8073449539294995 0.0 
4.84071175706559 2.0723522664206055 0.8740423039462561 
19.38217585994528 2.0 1.0 
