6.029345783523033 2.78426925870707 0.7481757754116829 
2.0 2.0 0.04926187766893719 
4.738037717773562 2.0244331328373217 0.0 
49.178315561454355 2.5511197645042767 0.5044141469017738 
2.626821649109061 2.0 0.0 
2.0 2.0 0.0 
3.013278255348218 3.956600323656504 0.5419483262340172 
2.0 2.5107339712391212 0.40205203962969827 
10.969222851417616 2.0 0.0 
8.418130195543895 3.3844372594285437 0.19611560416487506 
2.0 4.49327870826499 0.5955195075945442 
2.0043716840057964 8.593711415446613 0.0 
8.294434376109788 3.4210161579335865 0.5061004668537304 
2.0 10.323021701746294 0.0 
2.0 4.103796683525981 0.5500061508734357 
2.1661272758937327 3.1899461476883593 0.1653621145395539 
2.0328200031865484 3.661682204652923 0.620891863174792 
4.836314268708932 3.197539388352925 0.6832101917739616 
10.139891405304608 3.346036488527191 0.567069059649498 
2.041886057298411 4.27226623221028 0.7932119360972549 
2.16779466962577 5.9904450430147875 0.0116993866491856 
2.0 4.436078621287859 0.7331882108983159 
23.873226646545575 2.8580680072088214 0.4488609069148186 
5.000090823783712 2.6501884630186052 0.5500061508734357 
2.7736619117504886 2.0 0.10868843713158166 
2.0 3.489376454182098 0.5494462698611362 
2.0053485037979857 3.819430928144991 0.264202819316147 
2.016313660454724 2.683162080331874 0.23058805286155398 
4.1580042181600865 2.0 0.0 
11.25503320847155 2.7142577666110195 0.0 
7.588146803147399 3.223555779304624 0.9445939088697197 
2.0056593391545987 3.1212375616636665 0.05740106571326717 
2.0 2.685547685982055 0.6588833923203814 
2.1430149929590887 4.12469107821716 0.3699471420347533 
4.092036600421068 2.0 0.008398549885760234 
2.034814799407442 2.9197661582918832 0.279651064131741 
11.599662693949012 3.060296974319453 0.3151118979098141 
3.0539514065613345 3.411007816455812 0.6973884293062586 
3.0367047570803587 3.5660081093175964 0.27864655034619834 
2.0 4.922536185963284 0.2699310104972529 
2.0 2.768733741172144 0.633371613771497 
2.052620228671465 3.188859574554642 1.0 
2.0 6.2357451602808585 0.0 
16.31540394007846 3.377410987798919 0.17301381022089082 
2.2452853276229896 4.202786522092522 0.7009952573565373 
2.708303371886668 3.0180657935854383 0.8359451142630994 
5.0383478697964215 3.2069480474379377 0.5979757234962734 
5.66135791619466 2.561022286338173 0.0 
2.0 3.2129244808865796 0.9346618415471508 
2.443451110704509 4.388618835492503 0.8358035924318442 
4.0101910010984385 2.6883891587322166 0.17974094588469203 
6.308379068120816 3.0529600069966696 0.95 
2.600188107010913 3.380614193909495 1.0 
27.171663137610878 2.0 0.0 
36.372670517636585 4.050511729846199 0.8681115711842755 
9.034239117812891 2.853068404422877 0.0 
3.351865436814438 3.280117772544974 0.9052776940487699 
