13.181114807357066 2.0 0.8520351084941736 
3.000506600483085 2.920354175375264 0.5684937778184966 
23.90107823964121 2.0 0.9808038845271416 
38.23138192588982 3.7954190126860112 0.7688259438064433 
2.0 2.0 0.9236328668363369 
2.0 2.0 0.854328119098926 
2.0 2.0 0.017632460724456456 
2.0 2.0 0.0 
2.312886975982652 2.4412151798603094 0.7771366473793317 
4.622245803630702 2.396578655964011 0.23616067147064662 
2.949663244258009 2.716260731233361 0.7164254139320236 
3.199819500928925 2.3568018817538716 0.6953621275504727 
2.5625932715407385 2.815256954456445 0.6695876546368336 
2.6385757939846766 2.057162244182474 0.7979996823060168 
11.649872163274814 2.0 0.5436843078979913 
7.38541870487815 2.0 0.0 
6.567717118313098 2.408392723989903 0.18533813886784867 
4.084762789964326 2.0 0.08613322346820684 
2.9316957670169534 2.4066908134038485 0.45462795915771814 
2.0 2.0 0.7358364330706443 
2.513274667301088 2.9067734522966386 0.7852647686314731 
4.434234112137676 2.2634243653033916 0.2585839554248947 
4.266165322504381 2.0 0.880915640535263 
8.975910919865363 2.0 0.5362466595483462 
2.0 2.0 0.7172169290554958 
2.0 3.364135017633301 0.8642349313578997 
5.531510978332171 2.0 0.8950111966020349 
3.537341871132534 3.491558974361477 0.386890847024446 
3.006472686446215 2.0 0.19490539468692575 
14.9024565629722 2.0215534248724394 0.510014115606052 
4.783234619262368 2.402757832459816 0.0 
17.80574511359933 2.0 0.6533034906366937 
3.887095532183255 2.1079646025837047 0.810804996413922 
2.6992828422527113 2.0 0.0 
2.740710612877341 2.189457003493218 0.7154401130711034 
3.2140139933394907 2.3880177592036156 0.10864421846000857 
10.97366848464469 2.0 0.0 
3.32906854981243 2.0 0.3175987883626161 
11.275663437699997 2.2578464231626776 0.31605580825169155 
6.4057026477463985 2.3979405299645444 0.19275302682354062 
3.677719644165649 2.2175466980099414 0.7634180770493957 
14.098891586187165 2.0 0.9408170160753874 
5.829790902021531 2.0 0.0 
16.676305759770358 2.0 0.6340542103316489 
6.293178158080931 2.245377848380453 0.7071039585355438 
7.724174755911188 2.0 0.31449930927488323 
11.119644355900931 2.295516122384398 1.0 
2.0 2.5620882714261417 0.04889417236597643 
2.731433840634025 2.1512492467551576 0.12092121300841317 
5.723600212076928 2.0 0.8611996161121361 
2.0 2.837946149778667 0.09647948563398816 
10.9221005941006 2.2132594688581544 0.9404015118410518 
2.598289214639954 2.6193630696603143 0.7529149638979331 
6.617612369475839 2.627532773435286 0.0 
9.96596101515388 2.2235898545452897 0.6462947312094139 
11.665058962615984 3.180680084543736 0.0 
52.824534864545036 3.0714332031436995 1.0 
5.184535673240548 3.037538716376638 0.8612301725602216 
6.279138682000192 2.1508277824522652 0.7818432976927694 
4.270926060629335 12.383677746460092 0.0 
20.2713452450479 3.1889743073696617 0.0 
15.878920912919963 2.8369264076570833 0.0 
14.144603124572747 2.1389504447517997 0.5360940092742117 
17.9017427307022 2.0476947991137315 0.7318699334417837 
23.78402479568809 2.812408457015393 0.0 
