50.34474092757292 2.938371478042681 0.5794455803446628 
2.0 2.0 0.04758432572014626 
17.62238954151083 2.4390634750018196 0.4714771640337453 
2.0 2.0 0.0 
2.0 3.4246486856683944 0.8884263798425165 
13.924840475181394 2.133155503761697 0.6503677319600949 
2.9053427609754845 2.0 0.3195109513852674 
9.451868742303269 2.0 0.5 
2.5095362171868265 2.0 0.1495189855510458 
2.741535695001727 2.0 0.0900784779910961 
3.6199765198303533 2.0 0.07437567992348887 
2.318772450414334 2.8810537377019187 0.0058308706249048745 
4.166909231097451 2.0444378157380285 0.8265175688968973 
24.632992358086096 6.145761980090008 0.5280815749376261 
2.0 2.1609884861187507 0.7368756788080486 
12.591413298445858 2.0563026796109676 0.8274030691183136 
7.7870742848015 2.0 0.32269749546181997 
23.34497909966285 2.0186540916747653 1.0 
17.171258006533584 2.0 0.7869620531898075 
3.6618756740107474 2.408672331885448 0.7586933887110308 
6.3742239471917825 2.0 0.9656266108452777 
3.5348873996057133 2.011526506500752 0.8703747687335628 
5.986955402677642 2.0 0.8763723448450177 
10.691000433121776 2.0767195613349285 0.0 
12.079100126831065 2.0 0.566840345264555 
4.938649049561821 2.0 0.0 
2.0 2.0 0.7076143032544202 
2.8321672105221527 2.0047866175890885 0.45575529657028946 
2.0 2.021897946894657 0.7652102502447556 
9.67042622188217 2.182577229075376 0.6648190871466009 
3.6545835899255903 2.0 0.2913376030839027 
10.730674936397634 2.078907310805231 0.8535092973401935 
6.426878959302577 2.0 0.17880147724469386 
2.0 2.0 0.9179212930936075 
6.284843535024807 2.0 0.0 
2.6198683854093323 2.0 0.20456553422847415 
12.503685085350227 3.2461794894074494 0.0 
4.581456070220437 2.0 0.1880710848432718 
6.6933961982173065 2.0 0.0 
6.058261527754251 2.1710997221436714 0.7058706285695426 
38.09522243653841 3.5357693981785543 0.9991605309279843 
2.0 2.0 0.8397818712318941 
13.990446416744247 2.0 1.0 
17.60537361508673 2.0 0.8586710831334103 
11.058778851081907 3.2364840219861457 0.0 
2.867340515512087 2.0 0.0 
5.756522113023932 2.0 0.763363241588463 
7.376936885025767 2.724660905583565 0.0 
5.34171635634195 3.289638327303347 0.9088176937187263 
4.157765281141258 2.7197468101141933 0.3961629359778859 
7.071777057023923 2.1421059665998885 0.2074708190275566 
11.462613534055139 2.126144237850709 0.35265624736950435 
10.698745694820822 2.0 0.962183631547931 
3.4192587260333913 2.8902638767897004 0.7893675542753957 
2.987468826966108 2.128820352619809 0.825236738140357 
3.3007937838691324 2.0047548710746805 0.6961041286373592 
2.6241876054806363 2.0 0.725763345898739 
14.563352594280301 2.0456499010040465 0.5473301475898112 
23.138597242686167 3.4546247840824114 0.0 
2.307792788798316 3.35080796206747 0.07853733579975172 
3.3066076467592316 3.2366217181560564 0.7686718980883096 
