2.0 2.0 0.0 
2.0 2.0 0.025392090376115062 
9.435966053119472 2.0 0.49935294799208485 
38.4517462479114 3.9187358895511513 0.3153123891286811 
2.0 2.5202963684548187 0.017029073796197336 
2.7182102667833203 2.312307404246866 0.4701788188055035 
2.0 2.0 0.7369166190622362 
54.79766490310638 3.1075890694770547 0.016402087748036965 
10.6058997564545 2.0 0.0 
3.4303963691825192 2.0200029250410445 0.0 
5.159319547988988 2.0 0.20930658976785432 
2.5363310159558785 2.2418074841748514 0.6834575799976796 
15.188176846010268 2.0203261207512204 0.5 
5.046397834588227 2.0 0.0 
6.527359275538088 2.3112437841140276 0.0 
4.166647548012765 2.0 0.8611810675794449 
4.085981270681949 2.0 0.10001243610543742 
2.7296824890652394 2.0108045899163303 0.10191703462113597 
4.447012427781566 2.0 0.29330001405528716 
22.683894419136138 2.0 0.9337862688233248 
11.015859351891136 3.197511475153647 0.0 
2.605 2.395 0.21642597211456535 
2.954977686781098 2.080559204342412 0.8094383627318781 
7.243316629855272 2.455056706406609 0.17538575311760918 
11.958610443759952 2.001459249131341 0.5314046928461782 
2.5948766237656034 2.051631706832668 0.725639035165149 
2.3938517720763626 2.1039910191704143 0.8499439656851379 
2.056193674666126 2.013993870129358 0.7731688903406724 
2.85731677286455 2.965194644217269 0.8119802937376952 
3.9582773105415194 2.0 0.7709293871359664 
14.47942408723318 2.0207577642242356 0.606269095480034 
9.822536274929332 2.0 0.7312663528058934 
2.0 2.060726397832383 0.7183826420083684 
12.845802239425119 2.0 0.9857127921504263 
7.2753124569481455 2.9797238970701945 0.0 
5.594880336127453 2.280975126680319 0.19167294977504845 
2.0 2.8602485552876282 0.07736668745118835 
13.505186230958268 2.0 1.0 
8.431222630743532 2.031377177705455 0.392607978223224 
2.582392486952362 2.499603396567648 0.3062960536391273 
18.222625262351187 2.242864695641224 0.5028484351736443 
6.470242480601035 2.0 0.6758457514852857 
5.588340254916437 2.0 0.0 
18.216295259013442 2.104288818167404 0.7208902917996292 
2.0 2.0 0.9224282017050482 
16.684269920931683 2.306485100133335 0.7176926447114776 
2.0 2.919682609158724 0.898785061451302 
11.346709555183354 2.1767593911485177 0.3320390568714366 
5.977160414406811 2.1292431817523543 0.8830956245883063 
24.06325658966842 2.535820923143087 0.0 
13.102089635812787 3.330118246979848 0.0 
10.677120167285125 2.0 0.874787854887524 
6.044030108166549 2.197796471040189 0.9030059646063134 
3.799643169052605 2.5609306423303826 0.3817048955805755 
3.4073896810752533 2.179945467805475 0.13812039252012592 
4.408149827202726 2.1172425453029122 0.8367845087115984 
3.1069817025246635 2.728800404574726 0.6757090905630859 
2.5645239673520104 2.813968255481345 0.7438576087682136 
24.737682691542165 5.834977603867109 0.0015375963649720164 
6.270166854095844 2.0 0.7956053278007236 
