2.0 5.925574114831051 0.17226702465697777 
6.89857213289072 2.0 0.0 
2.0 2.0 0.02256247693664959 
2.0 2.0 0.0 
8.563976713404799 2.0 0.0 
7.634501872447224 2.0 0.0 
2.0 2.0 0.17313540579549627 
37.954110761108225 3.833943113117027 0.4661094944753623 
2.493553404234472 3.041945103411089 0.5 
2.411958165490382 2.8696886490099076 0.443717738288756 
2.0 2.7370792698209843 0.18405678134136658 
2.0 2.529693389705948 0.0 
2.0 2.0 0.10880228980295564 
2.0 4.1604443677903475 0.273536739586183 
2.0 4.443613468174275 0.30758781875709 
5.909455153918024 2.0 0.0 
2.2711591499205204 3.2124320263924653 0.3494941355071909 
2.0 2.583671577675906 0.3890368314552242 
2.348568526306277 3.5904350991957794 0.14748345580211122 
2.0 2.7062812272359014 0.30781573586111033 
8.190829483261119 2.8655592178500235 0.0 
2.0 2.9744885747055263 0.6422469771431284 
2.0 3.7358282265739007 0.38986962656634316 
2.067562479122907 2.7606252602892707 0.7126331057525223 
43.083725737548434 3.439288742738266 0.4960145109162999 
2.2340989756080605 3.038193602046555 0.21918638248638522 
2.0 3.0728956084205605 0.031487716853542735 
2.0 3.367198653005493 0.8049187703555132 
2.2556812537652338 2.51479737147156 0.620718199687736 
11.531537253159229 3.0851881050539154 0.0 
2.0 4.389505170012968 0.0 
4.6115308773161825 2.5248644927016763 0.0 
2.0 3.3514814307308383 0.5342881998583354 
4.627021231742287 2.0789678140278354 0.0 
2.0 3.041614949852214 0.7504145882984736 
2.3615893525280454 3.256390567338607 1.0 
2.0 4.856261082583223 0.0 
2.001601251178037 3.166809185345872 0.5667000781057938 
2.0 5.553935066460269 0.5156474342912851 
2.0124747810897268 3.130645932400446 0.8855838574389105 
2.1597281595070132 2.9513292228116934 0.8297041836220654 
2.0 2.623653821986794 0.4694351151436478 
2.2326833698709185 2.701961562803958 0.9013560253394666 
2.0870836163009607 2.845171434461376 0.7673851569815197 
3.1287828044975416 2.5797859951981486 0.028916974372748434 
16.59266284686978 2.673806647600064 0.0 
2.316058526038384 3.209379391311546 0.9429053042354625 
21.188717341594234 3.1515754149754964 0.0 
2.2242259881560917 2.8803101921718195 0.226303427155074 
15.058140186626016 2.8974486295094106 0.0 
3.429908679117434 2.6076674530200554 0.1433295065672059 
22.53959087056389 3.1794694448998153 0.0 
