31.82147950867904 2.15392430865778 0.1908385180642439 
2.0 2.0 1.0 
2.0 2.0 0.0 
2.0 2.32186780849262 0.19558593752997935 
2.0 4.3590097923649225 0.2426308636873998 
8.339360180575142 2.0 0.604759715615682 
9.5453346217837 2.0 0.9583552083289271 
2.0 2.0 0.17358303354178745 
2.0722037937786175 2.899911664382266 0.030821908795552102 
11.405527430280365 2.0 0.0 
11.359182970877455 2.0 0.32275024495294125 
8.05 2.0 0.46864964157189015 
2.8381577100801167 2.0 0.28602011019908946 
2.0 2.0 0.008162896253391672 
2.0 2.0 0.45 
2.0 2.2049715561978753 0.709503472277905 
13.944425158109084 2.0 0.9993786705658716 
18.515985916542924 2.754075647676098 0.0 
12.225407672896107 2.0 1.0 
5.5964631087289005 2.9747965903566262 0.0 
2.0 2.0 0.933943505938412 
2.0 2.0 0.32063052098652267 
14.842172421001553 2.0 0.7508253761239977 
4.216657662645476 2.0 0.2838857424597834 
8.39451663288591 2.0000461593405094 0.3217659897584499 
8.05 2.2384069392759267 0.7695145143168997 
2.603218739880543 4.575197612079275 0.13642260437668918 
3.2740259249602417 2.1346296340537556 0.8095895549797196 
6.1025016561918 2.0 0.0 
7.036197562254223 2.011703596272252 0.3144365191053334 
4.28642905756766 2.0 0.0 
3.326276646833554 2.202074816287161 0.6364226043766892 
2.595255903378785 2.0 0.0 
6.980245136158075 2.233687013664739 0.984284806587183 
19.255611554010166 2.0 0.7013223757726297 
8.722819757670132 2.370586175618819 0.9301967886801529 
2.938995354570956 2.0 0.14858426939571934 
3.559858539087256 2.339790263441251 0.3229396283646984 
2.8076783595754455 2.0204232000615425 0.8976164388955088 
19.274308766022816 2.0 0.9625437012013871 
2.0 2.0 0.5149156417698655 
9.812949703314663 2.0 0.0 
4.497113952120909 2.256193440375745 1.0 
6.686177877778565 2.0018987661850716 0.5 
10.107348721652038 2.280723619123192 0.5 
12.8372605272249 2.0 0.0 
20.035685402098427 2.055784564610474 1.0 
3.231651178707529 2.1846283066029866 0.5 
2.0 2.0 0.24988122893776768 
9.28307108978868 2.258832503532232 0.42397183282457557 
4.920901171127326 2.0 0.0 
12.894551283246656 2.0 0.5 
6.857937483790442 2.26944317930788 0.8136069572172648 
38.767174839023085 2.0 0.0 
5.256772608182189 2.0 0.3054616337859513 
7.120695128790897 2.0 0.0 
8.63612828377809 2.3311220236025374 0.7561436223252493 
4.880343881433506 2.2292653216300637 0.8151234997934586 
2.0 2.0 0.8644460479485305 
16.508409829545794 2.0 0.775942660531128 
8.947598304596783 3.2802796241396663 0.0 
4.4523264842582515 2.0 0.24436760165285398 
2.0 7.307163703824417 0.11960727752475553 
5.266031299002508 2.3675863423592998 0.3594804326050176 
2.0 2.102908096148552 0.55 
8.405313316471597 2.100473506347551 0.8252417839825985 
2.7930033341501503 2.0 0.18823768532440455 
7.429035881225865 2.364673886888349 0.254475693173971 
24.582791346371607 2.0 0.6652065179550752 
2.5511558726104693 2.0 0.30890745045258844 
5.885302457477412 2.09999292254439 0.6687583096906751 
2.69525400794791 2.141235727304405 0.9771971984044019 
2.9192518929874387 2.0175725408390184 0.37027592543942633 
2.5069252300446156 2.9160155116182804 0.10581817520394117 
5.912289468737087 2.4832646447532376 0.4086584675838906 
9.567208024273317 2.0286000118309024 0.4346234392222936 
3.8021531517661877 2.206557806219196 0.5701440622421848 
10.143271137244485 2.5165584950396354 0.0 
2.0 2.5144921681505705 0.18471217174338628 
4.918658015739696 2.273959136131858 0.721394083086663 
6.5777264931469555 2.0520312397127087 0.5930391409662362 
17.809903696388204 2.0 0.0 
7.442524229444274 2.1973759086279316 0.9087116007007666 
3.1470841667492664 2.0074356256843955 0.5584419409018838 
3.4030889127474753 2.1161606299148485 0.7332223353602014 
12.793654892764136 2.1200956793643373 0.9605159140039827 
5.658687510254803 2.230642933246712 0.9521235883132741 
3.4539862280767935 2.0590427249415457 0.6010551616016341 
7.901979776630843 3.0088573463502986 0.0 
10.610007976015835 2.5461102821997486 0.0 
6.283664063520217 2.4272916305612044 0.9728675032353101 
2.0 3.3427995249470253 0.09442530758958423 
5.037140480303497 2.186879805343272 0.4980269183539356 
2.0 3.1643515189548257 0.32777967761910265 
4.216547151867253 2.4905391695507344 0.3611971678694164 
3.134767371007633 2.0062933622317 0.4417330608709878 
2.8037198041304694 4.448280922724246 0.1714837096232752 
3.5177047271359863 2.8908485183015284 0.29140025592142943 
4.844240978879821 2.417541648689961 0.9532873744057876 
2.0 5.7072992786733625 0.3770503103946997 
