2.0 2.0 1.0 
34.703068461439926 2.0 0.7495173911309119 
2.0 2.0 0.8748455561628571 
2.850021396128681 2.0 0.0 
2.4329280326641545 2.0 0.0 
37.965909986568185 2.0 0.0 
2.0 2.0 0.5298672866272894 
5.458881346972229 2.083731696824116 0.3562962171656978 
10.068644128507653 2.0 0.0 
11.39198478554012 2.0 0.0 
2.9103775768377993 3.0626219754282005 0.01149349888471896 
8.661450329962944 2.0 0.388744610224236 
2.0 2.0304291659724 0.31279790038260447 
2.0 2.0 0.9339014849044411 
5.499020461898876 2.0 0.8533255063085384 
2.092311580236034 2.0 0.05 
13.44887001802278 2.0 0.0 
2.0 2.0 0.5094427006564137 
2.0 2.0 0.7175754646511987 
8.05 2.0637161967588376 0.7218948083908023 
2.0 6.78478281082721 0.060566871023129236 
2.508743180682366 2.0224103011800474 0.5 
2.122043996712633 3.3917600758920328 0.0055698758694599435 
2.0 2.0 0.23366731805508217 
5.057316125918954 2.0 0.0 
7.390575431964862 2.324757958108623 0.5 
17.630083981211172 2.0 0.0 
3.53552752370841 2.0 0.0 
5.807944878014876 2.0621188082927646 0.6139813050259423 
2.0 2.0 0.44501484022984095 
8.306156396551899 2.0 0.8175285995911752 
3.020257013819211 2.170153878768965 0.8659599001315659 
2.0 2.0495704034199176 0.16044449945172123 
2.6490592119387437 2.393291240686676 0.31876992330177434 
2.8479457450565078 2.010044150188978 0.6278861591674617 
3.20305217747308 2.0 0.8266762647360197 
6.529720549229573 2.1708412524636134 0.0 
7.7824509520605645 2.0 0.41778453791969505 
11.860126077469515 2.0 1.0 
6.528693629401451 2.0 0.9418852881033778 
2.0 2.0471202805356015 0.1766656785295474 
3.564127845341171 2.0 0.38392022761316746 
3.1350812824351477 2.0 0.5321713482442657 
5.055735078524488 2.185510721485094 0.7100588507305561 
9.431520153597198 2.4374450778642425 0.897931840554682 
11.394423123107686 2.0253894327118656 0.28451264098936435 
4.006402860010572 2.0158553782805106 1.0 
2.606573211726168 2.013059835962125 0.592518039753579 
20.100769930733428 2.0 1.0 
4.493966497654469 2.0 0.22997593534307761 
5.131742134631703 2.014695517627568 0.979891140702248 
6.497086076348083 2.0 1.0 
9.976972769676767 2.1753747832373924 0.4082885717605449 
4.21605986163159 2.0 0.5727079498349037 
6.123554368734963 2.646251755844972 0.0 
7.426518952862168 2.2052225993595096 0.7863171825374793 
3.467141823030416 2.019116232817074 0.21142494254279054 
7.801832399368109 2.103433195691534 0.6561537941851459 
5.283527396199913 2.3480325734627274 0.48355887028899336 
14.832507524035922 2.0 0.9147738275545302 
5.5938368405415595 2.0 0.0 
4.109612938205093 2.0 0.32691913342840884 
4.674856314268006 2.219793908692327 0.27881014389249015 
27.374735472541968 2.0 0.8221330406251551 
7.021134859775635 2.0082087591633764 0.6031052338867835 
8.509728287402243 2.2126755907715103 0.7232737952110448 
3.2804858300052686 2.0165016768802135 0.44189542904432705 
6.605016662759968 2.4762516654284856 0.25978282146629006 
13.77252424423907 2.0 1.0 
8.527093865807299 3.03021241593787 0.0 
9.628397635410803 2.4221675120598176 0.6112409934138151 
2.0 3.040670715062173 0.1708784542798615 
5.814013378387203 2.0278061918500803 0.9391493720052121 
12.663606701286223 2.0145311227906553 0.5 
3.2823560524000905 2.005091210990451 0.34749257343269807 
2.0 2.662777706863467 0.09812719410160003 
12.633438346522727 3.035973430430194 0.0 
7.153070690881194 2.0 1.0 
3.421261178084575 2.1040912519406203 0.95 
18.722148097788555 2.282030005943642 1.0 
3.3912222680254622 2.2334742063721778 0.27774423848023466 
12.64460463322585 2.0 0.8379849690658995 
18.580810853048266 2.085364571775165 0.5 
4.306690820987761 2.140949592559991 0.29441582566043534 
16.67439490248445 2.013973089641498 0.7924188083918584 
6.511578906612044 2.0067585101837038 0.32074821474683923 
8.082776264852141 2.5422336623964243 0.0 
9.973896657092563 2.0 0.9064737473116626 
3.8905347956800354 2.5276668790833656 0.2845907387604887 
4.058819053182264 2.7899369772479052 0.17417109784123602 
2.9134970502304185 2.0265576937926415 0.7170229449947134 
2.0 5.550272308896401 0.39992085999832405 
5.659708004579971 2.4287346061065693 0.4197049742785928 
18.749463885205326 2.93392274148454 0.0 
2.039528010427789 4.097911064835652 0.21748035973095406 
2.874735857026094 2.0105751521684114 0.12593004499506177 
3.355225689220514 2.865543409620967 0.11368753936441195 
10.233610026389266 3.3752405480260164 0.0 
11.183447527364791 2.7108515200840277 0.0 
2.610352169422125 5.126150722370201 0.07962090753264456 
