2.0 2.0 0.0 
2.0 2.0 0.04627560109018364 
2.0 2.0 0.505387422234741 
6.655569575286158 2.449980465407327 0.5 
32.581185082000474 2.3792216305395044 0.05 
4.595205207579332 2.251537190525731 0.45 
6.649880925359453 2.0 0.0 
26.619393547409267 2.0 0.7293258417037454 
2.0 2.0 0.55 
2.717213604729891 2.0 0.0 
9.272124099975343 2.0 0.6743140388589346 
19.422467196500257 2.0 1.0 
11.473473348068307 2.0 0.0 
9.80788696181171 2.398612265975972 0.0 
6.005927255306909 3.393323351170248 0.0 
14.036086623530293 2.0 0.8910427151660533 
14.74535452204006 2.067181446693414 0.7474573870223443 
2.0 2.0 0.8755017194213831 
5.696272096868725 2.4756382294100234 0.3962048375417782 
2.6968404469420806 2.0015308156827274 0.8918058172741696 
2.0 2.591405440821515 0.15617966662591726 
8.491569921060659 2.041582313082324 0.3626427177833585 
9.124710141633125 2.2569784271949613 0.3587619853933024 
2.0 2.0 1.0 
2.25582740160688 2.00256783223934 0.7195236615587983 
2.0 2.813653610155587 0.01574916505983248 
3.4244845266634005 5.407141516883796 0.10267677712128315 
35.63572570611777 2.0 0.0 
2.0 2.3471956635693205 0.2398651246777629 
13.097414642177991 2.1668491515971584 0.5916778136055778 
8.268676581315908 2.0 0.8873636721586451 
4.133482451421478 2.3764116783341325 0.2888324332343264 
9.664682661893165 2.0 0.38123074556439607 
3.0754020142114897 2.0025515579361617 0.7301611685164214 
2.0 2.4947578379036353 0.18790668850624728 
13.070622227503982 2.0 0.9184352728052656 
19.132425270540764 2.1672224201333075 0.6989287630931791 
2.0 2.6974083720050284 0.33290986057248556 
7.409311382030862 2.1325371338185835 0.9614263517372669 
9.986981133938256 2.0 0.8995699216602301 
2.0 2.0 0.16649200892746469 
2.0 10.448436592906264 0.3512268830397701 
2.0 2.0 0.9442732168990717 
8.92736624230827 2.174252342982689 1.0 
2.0 6.842968687478581 0.08431205015721321 
3.3257768644653303 2.003272319391712 0.5 
3.3559746957574057 2.064237606704467 0.36725809645371765 
2.0 2.5305294972271115 0.0915056711499394 
2.356990033558169 2.0 0.4508772355741354 
3.553596031551118 2.142564629748323 0.24824761249629268 
4.328174271101213 2.2302680316509518 0.557544320651937 
5.174628459365753 2.0 0.8414345081471231 
2.884417313763983 2.0010585980653683 0.9516475126745834 
4.7017028847983395 2.0683121452979485 0.940944924628971 
10.134737376577897 2.5432487140645637 0.0 
16.98785146218828 2.409691158545 0.7449914964913888 
3.4610098647557317 2.0035969373829374 0.5496005970638665 
6.313534921224315 2.357823140514179 1.0 
10.20790251928582 2.029706075249532 0.5461575845764044 
12.206575736188153 2.1106784973489745 0.9595529463505227 
4.631361121988646 2.1825055538872657 0.25305124321889466 
13.016092705775327 2.384054467982768 0.0 
18.28622054509346 2.0 0.0 
4.325171804122387 2.0 0.380913572559022 
20.08793684220973 2.0 1.0 
6.1958348847004725 2.0 0.9212205791211018 
7.736268223785373 2.258665281336501 0.4285396261047932 
4.730690453534314 2.0563739097238667 0.7464632066516076 
9.476757453230524 2.771895169335054 0.0 
3.0210612408559747 2.111738914606932 0.1934210265407725 
7.720185114635685 2.1061924448222094 0.6771469230289877 
3.456253253858619 2.5445579282166393 0.10914847756111123 
2.7350601537633565 2.1498930468796704 0.3022698002842986 
6.097288632397005 2.08562423415423 0.6139083001130723 
2.805251852171966 2.076840596103752 0.12122334879203156 
6.541511310469485 2.070413375185021 0.5273996032771955 
3.927920986813189 2.4332458493551137 0.31044934174459266 
2.8525014621819516 2.0883631920358985 0.6028077967815834 
2.5176223996478804 2.0 0.566130863437895 
3.7400258496794225 2.021034486357565 1.0 
5.059354383600638 2.109714788269839 0.34761583447227745 
19.00556487279377 2.7351211743207413 0.0 
7.050089035046273 2.1401023668057295 0.8090991806595912 
4.808396032795876 2.2417794840220995 0.0 
4.474148819823133 2.7282007093644354 0.2573033152398762 
5.828821869039921 2.009424546609546 0.0 
3.5898231649673438 3.017973144521391 0.19361574314719482 
8.491244623514852 2.07732057413249 0.7405212460062899 
2.956789981506883 3.1630176667510717 0.1551510160033559 
8.28670087677968 2.8959205858130135 0.0 
2.691697913361735 2.0030281548799245 0.44409219359175733 
10.711565474595137 2.986483061738776 0.0 
12.957262940581131 2.875603809450719 0.0 
2.1373322617522716 3.838010604798334 0.24463044495897304 
6.767801715906249 2.0209009804884563 0.8800062792113154 
7.435335148267656 2.25099555648346 0.24349868596981028 
2.0 9.266831082424362 0.2582449892146141 
3.213512713838496 2.6983035827075654 0.33594939148266706 
3.8918049072428937 2.0 0.0 
2.824284744339664 2.0260302158598598 0.7979713413123896 
