2.0 2.0 0.011804784588738654 
43.11737720707193 2.8963607136688676 0.40085693042485265 
24.07230860775569 2.751398780046554 0.7205517477096423 
2.0 2.0 0.0 
2.0 9.615729564683726 0.0 
3.9613659589321344 2.0 0.027063476421486155 
35.93079150476095 4.281490357320342 0.8198074405822765 
2.0 3.4126435180797645 0.06637186621861552 
2.0 6.054817138350893 0.0 
3.0781163225820576 2.0 0.0 
2.0 9.213440337307924 0.0 
3.8918748135626613 2.1175011957951204 0.0 
2.0 5.777522826012752 0.12280943896013576 
11.378531453831968 3.0049647034516016 0.0 
3.629754154812875 3.0371948827878947 0.17202243663430394 
2.0 4.01333738240264 0.27329950591291663 
2.0 5.423056809871611 0.2849084744295022 
2.0 3.5772264270092475 0.5477219052567018 
25.281246964568382 2.0 0.0 
2.0 3.841821515524871 0.6156181705298134 
4.811638716428495 2.135489041816919 0.0 
11.186255954347619 2.0 0.0 
2.0 2.6335916466610687 0.26695403282273067 
16.308490808047935 3.1983010712128803 0.5110051071819863 
2.0 4.165315674147162 0.5739908185025182 
2.4633384896219552 2.841186209590933 0.1643891825386724 
4.715293111497765 3.4960824334074343 0.5902339139335794 
12.379247165534613 3.1980469448271647 0.03609305249630161 
2.0 3.6660979712463106 0.656250778795193 
2.0974999234326503 3.1439777641726634 0.40292383077672367 
2.0 3.457387068756409 0.5605076560228653 
2.4086661305400425 2.7057266763894043 0.2587713993129084 
7.58145150385131 2.7378760742201025 0.2096957226382604 
2.782023224667655 2.3590387873579037 0.08489825297448253 
3.2133702334757706 2.7191069445457123 0.9495146813894686 
2.0 3.417406404013718 0.6025101912760427 
2.0 2.6103009242444326 0.659293718725884 
2.0 2.902171413991451 1.0 
5.574277085739292 2.9870699175638524 0.9072258674839376 
5.447864206870705 2.9985045995032618 0.5 
8.144010635321152 3.1417494487295556 0.5159378182152365 
2.0 4.2426338634386305 0.7350327273951696 
2.748129120926653 3.8245352533916646 0.5978581207376841 
2.526860816366449 2.9851875529845135 0.6948850816394173 
5.148784834273591 2.84685049234859 0.676731374641197 
10.183155893499652 3.4235678423532 0.7280575923375956 
5.892259144224544 2.5772427374210944 0.7188284585021429 
8.611578451320076 2.736994426384734 0.0 
6.041584059969563 2.6583337897430437 0.0 
2.303696835731948 3.2576199155941024 0.9181760770659321 
2.0 4.111860580826329 0.8272640800391167 
3.267126533962843 3.0070178646527777 0.8948919549182559 
7.506621285245004 3.3951586283263193 1.0 
2.0 4.333205477552216 0.7787647412168306 
2.0 3.9112632843120276 0.369695965254138 
2.8755642588729797 2.517008380027725 0.8129872343767293 
