2.0 2.0 0.5108575163868314 
3.7326111496403334 2.0 0.3802410197275208 
2.0 2.0 0.0 
2.7965326921054148 2.0 0.0 
2.0 8.524962611082756 0.28974847485478417 
7.352806018679425 2.0 0.45230786815174057 
3.6172796522243797 2.0 0.0 
2.467153589998535 2.0 0.5305331290261289 
33.496062391737 2.0 0.11480317535328324 
2.2855111407626953 2.898637239382775 0.06808892177820788 
2.0 2.0 0.9523078681517405 
4.886614834694782 2.0 0.0 
2.0 2.0 1.0 
2.6620180558051487 2.00610119083602 0.2011666311973671 
2.0 2.3413034081027035 0.006281189094775819 
3.3250958149007905 2.0 0.4446669801047077 
10.221504889045825 2.4922271978473667 0.4016802996655239 
19.132066376784568 2.287690998615248 0.4922443516683761 
3.996954026245691 2.9215588721599404 0.20004363175166814 
2.0 2.0 0.1027473753197567 
2.0 9.806341430536312 0.3308533559915783 
3.069352980675361 2.437053671160272 0.9545545298052186 
7.546609797278273 3.46108977607043 0.0 
2.0 2.0 0.7201583074711984 
7.985198146650921 2.2138596529511223 0.3697602338459348 
4.652073971830934 2.0 0.7372851644672769 
7.191832901837075 2.0 0.0 
13.372728400985139 2.0438489320856883 0.0 
10.716456009841341 2.0 0.0 
3.4882018376509953 3.3316803336296914 0.33211972016016555 
4.547426267153168 2.395 0.3646709118881718 
3.5372489078820704 2.0 0.3049250960048868 
6.267226639018247 2.0 0.0 
39.63970659636293 2.0 0.0 
18.445815738365795 2.0 0.0 
2.0 3.390209625521223 0.1599145588318175 
9.903958630208598 2.0 0.0 
3.458020904956193 2.0 0.7246934823482268 
9.021269388317332 2.0599389990763224 0.35545930046507934 
2.4198795264013144 2.0099951452445786 0.8756822565582445 
2.5522487074275597 2.0533044452372837 0.4901574227777927 
3.1536867029326494 2.2113778453730144 0.896289289970573 
8.320005942589194 2.435828499473068 0.4302236789868195 
2.9167362519181568 2.0109065421427883 0.3230979078447653 
5.067429768362396 2.0001119757976618 0.49805016579165895 
2.947212882592149 2.0027739603752033 0.5793379589440705 
8.35237509034106 2.0532804296293192 0.7945995380733593 
4.3579000466460265 3.308582246815181 0.27484135969898654 
5.658801073979792 2.0 0.9246466344028992 
8.626734971890562 2.0 0.7026630964373023 
8.229652002471981 2.0 0.866986374770981 
6.146140130161872 2.0339987967319733 0.6672026724368787 
2.0 2.0 0.25096387099677636 
4.73762865658039 2.0028597579568657 0.30587164040285464 
11.599751700562482 2.4345726006306494 1.0 
7.23039357191916 2.3091960568604617 0.831455138415245 
4.195833984336101 2.1724694274692933 0.6030441751117527 
2.97574527348598 2.0 0.5510798307260479 
7.691181921297237 2.319129448717049 0.6301767989999028 
7.204911720871708 2.0 0.5628800022089018 
2.2848177726643066 2.245217555561565 0.15218276226670624 
9.002644110309713 2.4497036394121037 0.9386657611072858 
2.9751162069441 2.0 0.6232688200927339 
3.4168489855246618 2.638726658921831 0.1440991943138912 
2.0 2.0 0.43866576110728583 
4.299480071874156 2.0863015180029056 1.0 
4.261446011405421 2.101439321833094 0.2699292821078473 
2.0 2.0 0.19977088227656026 
14.33502606967207 2.005908087949815 1.0 
10.076369725034041 2.165875241120595 0.5 
4.786510481143242 2.228799700299993 0.843244741184924 
5.916629314891344 2.0 1.0 
3.3530419831246707 5.21134061282215 0.17003028781700952 
10.44348146936717 2.131536896969881 0.9800010183092699 
2.6675223627681057 2.50040954086647 0.08102354456977265 
2.0 2.6911593068260893 0.11202750496697399 
3.656888429851182 2.033811369649184 0.24080496691243106 
12.714857020337014 2.0028763979929414 0.5 
19.846076151169903 2.043133486076056 1.0 
7.450435693872235 2.012164761973217 0.19028927048247984 
5.088544963139508 2.0102896019003467 0.9485441184812667 
5.97629328290759 2.277209397816759 0.41570337828482384 
18.908010758136307 2.512389038134852 0.0 
26.823603311985092 2.0 0.9157033782848238 
15.152027667483015 2.4007137515197075 0.7863595094540832 
6.716219049313887 2.013016375834347 0.9302832710039752 
6.100033358861123 2.8095333083465657 0.0 
7.01385567763765 2.087163713037746 1.0 
10.986293895248561 3.058682811200529 0.0 
12.728433954630924 2.0619795169132074 0.9017257049827255 
10.372237674499967 2.6895166021047823 0.0 
2.63755788194212 2.152199852123774 0.3529049457996801 
2.0 4.0925638592075915 0.20343335712246002 
3.4454080871721287 2.0 0.8063443060793635 
2.0 3.1098762762737726 0.3101385557522015 
8.6462013027767 2.6612380202769206 0.0 
16.716912495268446 2.0 0.6652240415952624 
18.879967388251174 2.0 1.0 
2.813713153630264 2.4006281952346877 0.14848707066902297 
12.613003893362707 3.089665342595943 0.0 
