33.34366903858147 2.0 0.7640083621130599 
12.536435235591377 2.0 0.5790700984652799 
2.696191320196313 2.0 0.8749665610636277 
8.653206211887195 2.0 0.42830295035229426 
2.0 2.0 0.0 
13.116926896525767 2.0 0.0 
6.7208341786254095 2.0 1.0 
2.0 2.0 0.04479182545684934 
8.407156871788388 2.0 0.3049675595690131 
2.0 8.982400055379754 0.22863583846901175 
37.32785834548682 2.0 0.0 
2.786483937350261 2.0371466028039085 0.5 
10.633375528303466 2.0 0.0 
4.543441115212233 2.0 0.0 
2.0 2.052147555238196 1.0 
3.3784105494427763 2.0 0.0 
8.247914368563455 2.0 0.4536967217127622 
2.0 2.1202567168029782 0.5074399608462212 
24.854447397772386 2.0 0.7605228149607604 
2.0502938301135116 2.1981924834653284 0.18082577407423567 
2.0 2.0259869951058675 0.548320509201517 
2.7643354101740445 2.1089510803047427 0.7499185454398132 
5.030231193830984 2.0576966109743684 0.2662428886971494 
6.199824044494423 2.050400604439007 1.0 
7.414356981073752 2.0 0.5755107523321197 
2.0 7.247689752717523 0.08362161769417176 
10.25929183034329 2.0 0.0 
5.320306467117726 2.037254229881953 0.73742419603163 
9.142815050722408 2.0 1.0 
4.172331082956447 2.0 0.3350166300710656 
12.370515547783896 2.100904906797054 1.0 
2.0 2.0726715315713964 0.873241802135863 
2.976794739253581 2.0215628383035447 0.55 
2.0 2.0760037667097744 0.711017824114762 
7.419261479975777 2.294764758243109 0.44159441789794573 
2.0 3.483125043455135 0.03876932620504492 
2.0 2.0 0.24467412742661784 
5.419724782855777 2.0 0.373241802135863 
9.538602741216383 2.0 0.3926589717216815 
2.6272493340946443 2.482677768221567 0.11838582011440679 
2.0 2.0 0.4303623902760799 
7.415583614698932 2.038624162033862 0.8341933380637954 
4.633675106835393 2.122844134249996 0.4628299289166759 
9.907444714025155 2.30466603721955 0.9018004672169371 
2.0 2.0092842631022685 0.15141331922070783 
2.0 2.0 0.9335666423757643 
7.580299946747004 2.012466442528098 0.7155428657513675 
2.810325948449746 2.058028704128729 0.44421579772561987 
5.727990220008596 2.0310529885578146 0.6430943537869894 
3.029195717872665 2.7919815377452677 0.16658632708973914 
13.517122132375667 2.2254168941374712 0.9445081021322116 
2.5199643783485373 2.0 0.7993233043234347 
4.005347671817577 2.0 0.5707439369010874 
9.050594396876832 2.2476051105423576 0.735025962098846 
13.302345236348641 2.0 0.95 
6.847380020635334 2.087947647126802 0.22955801367031198 
4.034257371645667 2.393620963533949 0.0 
20.113275725629734 2.0 1.0 
5.922073722630139 2.1598160817956416 0.4107855655991488 
3.948171322564165 2.4241944304905934 0.9643563654925575 
10.004296761037551 2.000001522728282 0.5 
11.426064428981153 3.1831379297468736 0.0 
6.671485676340762 2.189269197386257 0.8891455879802491 
14.906258689155877 2.263241941417995 0.8672746250696508 
2.6313751112958244 2.000000068467624 0.32838924485312987 
2.9878570464053524 2.2550575749143693 0.05736741856634897 
19.335193436816894 2.0 0.5291455899995829 
8.182333377351078 2.3015396869124323 0.8695370898019151 
2.0 10.208169411115957 0.26745909247800503 
3.9320009915085437 2.0 0.27690787504708236 
8.211524673025194 2.0 0.6315597909499521 
4.699543755568278 2.265284324355319 0.2459831592486334 
3.2912171210369436 3.43169112112781 0.0454751386313266 
6.0951827651681825 2.0 0.0 
17.154873628899455 2.0 0.6437076646113536 
19.260849523424643 2.0155791233637035 1.0 
7.123451260863738 2.0 0.0 
4.125462547237814 2.010181274031202 0.2516278950128925 
5.985157734842565 2.0930591775638083 0.9040919111784396 
2.841267673082117 2.2477443864953752 0.20410051150803127 
2.588495741400304 2.0 0.5908820429541268 
3.3663167449585827 2.0386596745153835 0.3685436844047495 
10.101710340432588 3.485054096990644 0.0 
2.0 5.800363549438757 0.44035385993017645 
30.624068654153017 2.1326600502353803 0.18201889175607827 
5.085187360649877 2.7524475483305233 0.14299308135258149 
4.6857507861487475 2.35453195658567 0.9466047874929098 
7.787932728928311 2.7135525090725423 0.0 
5.351813204632343 2.106172992919662 0.823605305037167 
17.74970865388281 2.0 0.0 
8.950573624056673 2.9033340828341636 0.0 
3.645684712844721 3.0577846901278365 0.17312573613808335 
3.071771622590286 2.008975982162318 0.6280201659629372 
5.568024963327617 3.458702648236432 0.0 
4.40556641190676 2.4911574082572012 0.3916876359020635 
2.4543174498492095 2.6874285404186296 0.32870413342837557 
2.1955372910165076 2.956282331467813 0.16382392856272981 
2.650148303185871 2.843765688609775 0.31431861262915545 
12.8535943274332 2.6892518417371223 0.0 
3.7477182224097003 3.3709233510475536 0.29242556828002714 
