2.332557905956815 4.331031271558201 0.7795288517454481 
2.0 3.7773154356525644 0.6832178624258958 
2.455436193316558 3.717583411282817 0.5114355828705158 
2.0 3.5053142438813722 0.814853496973971 
5.416731124358048 2.762647565229856 0.4919627724196913 
2.0 2.56494475716287 0.6702276547743151 
47.45870384190845 2.6150243168144924 0.3386909267222995 
2.0 2.0 0.03521102538171983 
2.0 5.5239835952019 0.0 
2.0 2.0 0.0 
4.627563020388614 3.3695362786692793 0.6226560170971616 
2.0 3.150402957917594 0.5338747991838877 
2.0 4.396763321380389 0.3702693180925945 
3.512501779399746 2.937348981985769 0.1554573528995864 
2.0 4.334892333301562 0.6512324643601242 
2.0 3.3041696222352055 1.0 
2.0 5.060439838277535 0.2777674558114348 
2.0 3.779872205472593 0.7396763629154075 
4.803800542742753 2.0 0.0 
2.0 3.130185690664766 0.9045658992075223 
2.2630622894209056 4.02281676780696 0.5856545646291924 
2.7913575610436503 3.7060138224856383 0.29087737672045033 
7.5838452393740505 3.146737239504724 0.5772264334870446 
3.3069135219210857 3.6369708871834723 0.5683154167489546 
2.0 3.2553105913997515 0.1849265948507906 
2.043321892091687 3.1859591634061872 0.6034855324884145 
2.0 5.702160943823415 0.06520614382987522 
2.0 2.5967188029293293 0.2833028104279969 
2.415554517399456 2.9453641925053464 0.2334077162925403 
2.0 6.859072734402953 0.0 
2.6015780777087762 3.453941269639519 0.9640435794951492 
9.515052732256603 2.656645184988245 0.5731168954636462 
2.008857463963835 3.327718348242576 0.00544664836466776 
22.515452535133996 3.48870756070753 0.31082058311135186 
6.336138290831056 2.56199128774879 0.9539834214830324 
2.9699042720149644 2.0 0.10686028715930745 
35.53612936377533 3.68377203978113 0.346071022817193 
16.345060047134666 3.165606912120305 0.5151489025965725 
2.0 8.686974753154827 0.0 
11.8937277404716 2.86274758930365 0.42053970366491517 
2.0 10.141591935315851 0.0 
2.0149330228485107 3.660330776550128 0.274681269953306 
2.4850772568198276 2.675762253642541 0.39001552623472974 
11.272335815634449 2.0 0.0 
6.040923621821289 3.049675262793548 0.690268810813413 
8.130143408241027 3.2142104516474572 0.9081896745584207 
7.845378656379994 2.832286147068473 0.2715468292537762 
5.303519097519359 2.5121694114624864 0.7341039376500405 
3.1506637416149417 2.0 0.0 
2.588007011051716 3.3262319310493855 0.9190445797105754 
8.742879023189653 2.5359619980969774 0.0 
3.61175433984653 2.2128694855590423 0.00530938078283165 
3.9260159750222563 2.0 0.0 
2.8869395007297327 3.3831072492655503 0.8525099052430337 
25.266086037726 2.0 0.0 
2.5620063773750714 3.2756270477316627 0.8285193414931986 
6.346256373510755 2.5746507267038643 0.0 
2.541103004614544 3.344716935760003 0.7211719187215522 
