48.1850898974114 3.1701130105527686 0.344923827957333 
2.0 6.232162370577919 0.5064708653078203 
2.0 3.090788137315986 0.46641531724548596 
2.0 3.2310235771036053 0.511213345733027 
2.0 2.239645393817645 0.018599754691564163 
37.30462255688239 3.5727494491282417 0.6519345375485373 
2.0 2.680017398393259 0.9455794259984873 
2.0 4.330495955039737 0.0 
2.0 2.0 0.0 
2.0 3.373403880385731 1.0 
2.0 2.0 0.1715518648199188 
4.780618317773186 2.0 0.0 
2.0 5.9982574678510945 0.1683109447371408 
7.871298569081217 2.0 0.0 
2.3009675106279484 2.5733265915465777 0.5918095681944905 
2.0 3.0084237270564556 0.5334207178647241 
2.0 2.2097367246942192 0.11932755133611267 
2.444851899316956 4.365481100379403 0.1247135049148258 
2.2624357279659355 3.240779833681125 0.9048867947003149 
2.0 3.48077381454464 0.26163740643485905 
2.000036381190777 2.7430953252959016 0.20824974746349406 
2.0 2.873737387164824 0.6065916768966853 
5.613178098794116 2.0 0.0 
2.0000547572309606 2.647131265346171 0.0 
2.0014846704198592 2.8507074813436857 0.17331403070957546 
2.0 4.980018123526427 0.0 
2.0 3.430691832290023 0.4160560573562414 
2.0033012139388897 3.0355098906784708 0.6431053327293885 
2.3958204910652325 3.842583297197222 0.2838054323362643 
2.0061904567956015 2.7435858480121 0.8102699138458704 
2.0 4.292484092052955 0.34051943168581456 
2.0 2.7054821836161067 0.05 
2.0 2.5759452569792165 0.8838085745861101 
2.0 2.5482634618322235 0.3652998239138858 
8.482283263917845 2.5065668416664795 0.0 
2.0 3.1772568193013973 0.8311771383385846 
2.2580969594609273 2.5521161738346336 0.7574946213059142 
12.156265172749501 2.6582257282202577 0.0 
8.95112633443195 2.022876527617114 0.0 
2.9460757536709283 3.422433472403501 0.05 
2.258358275866616 2.76460733028426 0.39218711969504183 
2.439017732212093 2.608447211488356 0.31338959712621844 
2.2389049055264496 3.0939445919378223 0.7026653927943359 
15.404777558259646 2.5900275183184367 0.0 
2.0 2.6151077806084713 0.7263975304345807 
23.688796655367973 3.335706622803505 0.0 
16.666680349954 2.846888502848365 0.0 
2.1466726401381266 4.126074271519106 0.3826117388166608 
7.2367185991995076 2.0 0.0 
20.70134641542569 3.037080065942982 0.0 
3.09227140011014 3.048814125203888 0.157322500456462 
4.695875293599423 3.076202366153492 0.0 
