2.0 2.0 0.15646372924260696 
2.0 2.0 0.0 
5.081486281292195 2.69905396747136 0.0 
2.648061204840392 3.3701677746673724 0.006599219116733342 
2.0 2.8473120755411014 0.0 
2.0 2.0 0.10191609056997897 
2.0 4.741629892482257 0.0 
45.13325551587346 3.3316667250848657 0.021029683953244005 
5.22956037209341 2.0 0.0 
2.0 2.0 0.04061957206577249 
2.073988924587924 3.1684790992439726 1.0 
2.0 2.904843695688463 0.0034453749131377847 
2.0 3.1631363602671616 0.3659920786847922 
7.007950478157513 2.0 0.0 
2.0 4.1800253809588375 0.3960103725639927 
38.16356955545918 4.214264922472803 0.022802901897715427 
2.0 3.7530384324514827 0.3189476218666287 
12.17130047614927 2.925468131979109 0.0 
2.0 3.0949372979378165 0.16236266411807812 
2.0 2.9642206061705716 0.4518588183813238 
2.0 3.015867798686282 0.5252739584637801 
8.374551096296168 2.0 0.0 
2.0 3.1793012774759886 0.5727964524561691 
2.0 4.197418812558356 0.2791969365964099 
23.696868566502086 3.22170886109845 0.0 
2.087609801135538 4.363976341121598 0.0 
2.0 5.991454938429198 0.469757655506855 
2.0 2.713005405547781 0.8972605812927043 
6.270591344593968 2.0 0.0 
2.0034711643634666 2.989102425760552 0.8049197612315575 
2.0 4.31393221896053 0.12259440897466409 
8.924671857815298 2.229959202328731 0.0 
7.833198949425039 3.4142441146105647 0.0 
2.025850431945053 2.5427700978107683 0.5370558920115608 
2.000506443245383 2.634288725999589 0.8331176378193964 
2.210251043766819 3.33678886099624 0.7166342308779987 
2.0 3.2891356744030564 0.4157203267461338 
2.249739877166212 3.4693301809636408 0.6814673107688782 
2.3519585011817314 2.827774065132037 0.9223381771785667 
2.0 3.1206154983960657 0.19066604449572214 
2.0225261242633517 2.7858927234195945 0.32532131361379546 
17.38810695345053 2.971279059826195 0.0 
2.0 2.5680442035637396 0.608262359348125 
2.0 3.0790591252286035 0.39879490434685905 
2.0 3.362905296389754 0.9702815737130761 
2.0 3.403688007138898 0.6475666034912154 
2.0097617977431392 2.9141639181396517 0.7606757856655028 
2.009962084036724 3.468508284252773 0.23782617701812647 
22.398234034219186 2.8579709693291138 0.0 
3.2519461207732547 2.946969476595142 0.14602954628848494 
15.03876038384389 3.45448928504187 0.0 
2.0605316239540348 5.574953725293435 0.2195876790572288 
