2.0 2.0 1.0 
2.0 2.0 0.5441960598097935 
2.0 2.0 0.5048088002499229 
2.0 2.0 0.1783849746265174 
2.0 2.0 0.7142804175612953 
2.0 5.95 0.38895010449846634 
36.15038390803824 2.0 0.0 
2.0 2.0 0.43929468611397104 
4.655508057626371 2.024553116398562 0.20303858131881042 
2.0 2.0 0.12057178188119816 
2.0 2.0 0.1552366077387582 
6.435866196197334 2.0 1.0 
4.5749118926301 2.0 0.8219116742008613 
2.714889806031006 3.009783038695946 0.024653519099387122 
2.0 2.0 0.8637181700761876 
2.0 2.0 0.0 
2.885318903268476 2.257208822500041 0.6392245049023663 
2.0 2.0 0.9368629228973269 
2.914295166877673 2.0 0.2169286257525247 
7.244440222765713 2.0 0.9480840009178345 
12.973519426210178 2.0 0.6047522504714223 
32.93404766579998 2.0 0.5371906432683521 
11.481629773105157 2.102949886462921 0.0 
12.276096621284202 2.0 1.0 
2.0 2.0 0.2335396693268037 
3.092661047954836 2.0503613152229403 0.5534095203935556 
10.122341945518123 2.0 0.9864477175088247 
13.015046330633924 2.0 0.9361404824974713 
14.05470803493391 2.0140949421791903 0.9632055559919223 
17.096887744582915 2.0 0.7029807227144245 
7.8823194105230066 2.053167855092045 0.8280789115367768 
12.751906725394035 2.1416317433752945 0.0 
30.790234199557617 2.0128050503260697 0.1153797972407805 
24.730833577259716 2.0 0.8315073253423362 
3.4570572389456755 2.394844263626654 0.3322502143230469 
6.7607414328932816 2.041987534926662 1.0 
5.83347098834086 2.0173861384361653 0.6521032988274355 
4.215825426041703 2.3240465693649863 0.34346050180692744 
7.639501220480822 2.0245401813035895 0.5 
18.600477760265242 2.0 1.0 
2.0 2.660993502574789 0.18267454257203872 
8.774526705150958 2.1551398272854008 0.7350225762979955 
2.6740545924169252 2.813661344215926 0.33374532248814853 
18.66765856014357 2.2349249428047813 0.5860363878017776 
4.823832616872798 2.034106553156776 0.47921362086291 
8.55091604819229 2.0119758310467475 0.40573051211475436 
3.787515069780584 2.0003413067123255 1.0 
3.9489231558490463 2.622854032767919 0.28929004407150943 
2.0 2.0 0.01565035722762563 
3.9034096928283266 2.0787837361512453 0.27839327001800285 
6.732097849609268 2.0 0.791966247300051 
2.60213453229304 2.010530599345927 0.5 
7.713764104154862 2.1541622598803927 0.6341406482468777 
2.153603903491167 10.171714775827263 0.26930078791109396 
7.140190833917503 2.1806107058676116 0.196122126729133 
20.13546181648903 2.0 0.9948674640117355 
4.535138081090533 2.0728483519870333 0.9597100015728115 
3.480696769345756 2.010636915768008 0.5786244549574868 
8.740874322859195 2.0015388436758093 0.9756415320970461 
3.455355223575803 2.011485668915555 0.4346735485675318 
7.58211035602902 2.3180979326479356 0.7120310731163336 
4.310564334252565 2.628927537031731 0.20937083124585923 
6.840700566582045 2.0209454920046888 0.4596578205070803 
3.267426868748043 2.0 0.0 
15.4004261326283 2.0 0.8217108533410653 
7.757504146982349 2.1711904089563383 0.38893965156589183 
5.542312125744884 2.3644380402559286 0.4424880889526051 
3.6190032126266134 2.444629275369515 0.3603694939573818 
2.2262171253874756 8.791875638561791 0.2830975880502288 
4.5537072038255175 2.094358991296197 0.7211096585605106 
3.689407776167714 2.2285491212376964 0.5596445280481597 
4.597321369836013 2.0506444235919803 0.28087327325994976 
5.937528051889657 2.627698189134266 0.0 
2.5231948237602793 2.0497596958377797 0.9407004745473191 
4.86758264111662 2.390875227566487 0.35335709202497495 
7.199965632901608 2.2924947701462166 0.5507491546133464 
3.861106123815617 2.13486762861769 0.0 
3.1357294223717442 2.0 0.3649727727781931 
10.0048790034392 2.4529640970526296 0.5 
2.6841109879437504 2.3667801459486464 0.7160591432373884 
2.0 2.551158896051434 0.31803640362089824 
5.342752019677434 2.0 0.0 
17.656507835332633 2.6193151740037623 0.0 
7.486768158178513 2.0 0.0 
2.181514084087322 3.234183176353564 0.005462748296288289 
2.7760582199158055 2.0 0.11506992967311819 
2.013970221219024 2.5444835880791414 0.10679861014274523 
3.5704395582245207 2.1180389752021034 0.24802113142272708 
19.031593342865005 2.987729783445912 0.0 
10.496206532208193 2.0 0.41153048104993156 
10.129261163595642 2.0 0.0 
18.389163012065694 2.0 0.0 
5.850791955016074 2.0342698805514274 0.0 
2.58648002505838 3.2746889805108843 0.14097776006569812 
6.267674782571639 2.0061724694570398 0.8998001102294904 
9.264183151779244 3.4774901924252384 0.0 
3.375481607708264 2.0618198307061077 0.8971434152396224 
8.466589569039776 2.943986175107593 0.0 
2.0 3.52961605413061 0.21450391360589594 
