2.0 3.105249174170684 1.0 
2.0 4.003740889866403 0.0 
38.387585604899996 3.8907084515305255 0.7670359121571086 
2.0 2.0 0.0 
6.1764764590812815 2.0 0.0 
2.108600145568431 5.689350520657836 0.506265321987777 
2.0 2.9502402602736173 0.3861762286529693 
4.787564371652536 2.0 0.0 
2.0 2.9960457124185687 0.2207040026575693 
2.288425464640842 3.191617285047217 0.749408612891732 
2.0 2.291131531264226 0.15449446098986144 
2.3023206240114216 3.052686907956511 0.659563353238704 
2.0 3.411758251270867 0.5460449876104528 
15.314652783240199 2.620708622958815 0.0 
2.123005056035601 5.2828390758312835 0.0 
6.986045266975371 2.1366323868878045 0.0 
2.0 2.0 0.025720821096447036 
2.247694482081187 2.0 0.1076088731502709 
5.196991262201559 3.42949970239364 0.0 
2.2410704367093404 2.7635691244523746 0.3647110324011361 
2.0 3.238804574665697 0.6759762838525778 
2.0 2.824057361442839 0.3175268234610005 
2.052539983538229 3.245787273908493 0.42084618472982055 
2.0 3.0358219585756747 0.0 
2.0 2.9410312437389994 0.5 
8.05 2.0 0.0 
2.122202265621454 2.9402596692475544 0.25162135215212994 
2.2995982359621774 2.711883053229514 0.05088764855216156 
2.0 6.108763193108664 0.2034835997335634 
2.8420190834737684 3.3909744480774 0.13268430780014462 
8.903038654676475 2.0 0.0 
2.0 2.866784626939674 0.894736925249947 
2.081753837602861 2.914142217705348 0.93060443316025 
2.0 2.8564977326219827 0.6117368765826318 
2.2017876023005885 4.231153032467745 0.2811338878208235 
3.4960851227704755 2.883978239456958 0.0983222664902107 
2.0 3.4792188956201153 0.5864693150540838 
23.153004929679234 2.9218004631239975 0.0 
2.0 2.6703958723339296 0.95 
16.744642543747496 2.5964089369469803 0.0 
2.0 3.765587027498319 0.10620574793572757 
2.0 3.9150457553150657 0.3832454563469987 
2.0 3.358368824458191 0.7912293402286825 
21.993760237781565 3.137208919886933 0.0 
2.0887357955870263 2.5852830179752773 0.45114165260521377 
2.0 4.113083281926161 0.32641898415130344 
2.0 2.8175284018792848 0.763162305838381 
2.0 3.3040354502735236 0.1545293593806209 
42.46280242729257 2.5233592730161454 0.10031844146113851 
11.76626709785425 3.2522682407221013 0.0 
8.05 2.6894154067539677 0.0 
2.040179349146114 3.236802202405331 0.8389111691178845 
