2.0 2.0 0.04258559197618206 
2.0 5.791620079925747 0.1675699091417962 
39.82022609002392 4.029736834202843 0.27841743383636997 
2.0 2.0 0.0 
2.4458128820601828 3.320260616930642 0.5175139058831881 
44.333221420331505 3.370135181579112 0.49235484945206853 
2.0 4.5885206422659675 0.0 
2.123022686316202 3.440851607456004 0.22312839988083766 
2.0855218024919675 2.0 0.17196024788595138 
2.0 3.401088399659858 0.049478489158500866 
2.0 2.9508335428672243 0.7000750634046751 
2.0 2.6127681909348976 0.24800608616704234 
2.0 2.6871619597277716 0.0 
2.0 3.563942986002966 0.0 
2.003574210455536 2.9912455834714975 0.719837420218793 
2.2595734551441318 3.824332990032775 0.39046588301732393 
2.1924671123702555 3.4357883342254425 0.7700190390223257 
2.0 6.347094346496844 0.5 
2.0 2.543696069445766 0.46116642258554374 
2.0 3.1783317098707795 0.35647871777797224 
2.0 3.446040712544499 0.39598870369770234 
2.0 3.1062394382598555 0.42450249809055657 
22.20096661686124 3.4486698307342216 0.0 
2.014353260425515 3.8675382084854775 0.11780901466591813 
8.30750405182015 2.0 0.0 
7.789027747182901 2.698333220160828 0.0 
2.0 3.317630683770174 0.5467100543217985 
3.020377104751709 2.7469843506268643 0.044491655074380965 
2.0 2.716489212302887 1.0 
2.0 2.685703925498136 0.5876732531609492 
5.418800388804778 2.0 0.0 
2.566833567244635 3.296797021526097 0.11717600559769584 
2.0 2.810114849568694 0.6082873456764527 
2.283377436526931 2.684179957863722 0.9715470882181433 
2.127957180125011 3.7742110280852827 0.2590016944125031 
2.308898387858717 2.736521785809454 0.7907956662856338 
24.455112430948006 3.3072082252205393 0.0 
2.0 4.036189962436437 0.30539129713747726 
4.590356331655304 3.4557077475915845 0.0 
2.0 2.888670276059284 0.8841567293854498 
9.311483469704493 2.0 0.0 
2.1584412170929475 2.6292449488780667 0.6384546791148205 
2.0 3.3329042799721513 0.848583893104395 
6.715066796275178 2.3367612480445934 0.0 
2.0734001463726677 3.042217108781972 0.33314451917847077 
5.812728951470373 2.058368928804944 0.0 
2.2548324557778896 3.3759057373081354 0.9145220995376487 
2.0 2.0 0.12014794091152503 
17.12972796814573 2.758668072772447 0.0 
14.807702090196846 3.279387177096854 0.0 
2.0 2.891080082903059 0.18118146226400028 
11.614590251644294 2.5985423266830763 0.0 
