0.464653000000 0.077030600000 0.066227100000 0.069738900000 
0.946772000000 0.000299185000 0.000086832300 0.000170625000 
0.031393100000 0.326154000000 0.298587000000 0.248577000000 
0.008690830000 0.424257000000 0.389154000000 0.363645000000 
0.015400400000 0.352466000000 0.324568000000 0.282132000000 
0.379817000000 0.155507000000 0.127735000000 0.129467000000 
0.011899900000 0.383170000000 0.353049000000 0.314712000000 
0.445370000000 0.131448000000 0.112496000000 0.115675000000 
0.711925000000 0.015177800000 0.012499000000 0.012767300000 
0.552453000000 0.041947500000 0.035364600000 0.034535800000 
0.464653000000 0.077030600000 0.066227100000 0.069738900000 
0.946772000000 0.000299185000 0.000086832300 0.000170625000 
0.403917000000 0.136034000000 0.115278000000 0.118102000000 
0.031393100000 0.326154000000 0.298587000000 0.248577000000 
0.008690830000 0.424257000000 0.389154000000 0.363645000000 
0.020029100000 0.374269000000 0.342089000000 0.303715000000 
0.441807000000 0.133171000000 0.116674000000 0.118146000000 
0.538668000000 0.045112800000 0.037849400000 0.037088000000 
0.780283000000 0.008818360000 0.007014640000 0.007622020000 
0.646395000000 0.023158500000 0.019314400000 0.019370800000 
0.464653000000 0.077030600000 0.066227100000 0.069738900000 
0.946772000000 0.000299185000 0.000086832300 0.000170625000 
0.031393100000 0.326154000000 0.298587000000 0.248577000000 
0.008690830000 0.424257000000 0.389154000000 0.363645000000 
0.015400400000 0.352466000000 0.324568000000 0.282132000000 
0.379817000000 0.155507000000 0.127735000000 0.129467000000 
0.011899900000 0.383170000000 0.353049000000 0.314712000000 
0.445370000000 0.131448000000 0.112496000000 0.115675000000 
0.711925000000 0.015177800000 0.012499000000 0.012767300000 
0.552453000000 0.041947500000 0.035364600000 0.034535800000 
0.464653000000 0.077030600000 0.066227100000 0.069738900000 
0.946772000000 0.000299185000 0.000086832300 0.000170625000 
0.403917000000 0.136034000000 0.115278000000 0.118102000000 
0.031393100000 0.326154000000 0.298587000000 0.248577000000 
0.008690830000 0.424257000000 0.389154000000 0.363645000000 
0.020029100000 0.374269000000 0.342089000000 0.303715000000 
0.441807000000 0.133171000000 0.116674000000 0.118146000000 
0.538668000000 0.045112800000 0.037849400000 0.037088000000 
0.780283000000 0.008818360000 0.007014640000 0.007622020000 
0.646395000000 0.023158500000 0.019314400000 0.019370800000 
0.464653000000 0.077030600000 0.066227100000 0.069738900000 
0.946772000000 0.000299185000 0.000086832300 0.000170625000 
0.403917000000 0.136034000000 0.115278000000 0.118102000000 
0.031393100000 0.326154000000 0.298587000000 0.248577000000 
0.008690830000 0.424257000000 0.389154000000 0.363645000000 
0.441807000000 0.133171000000 0.116674000000 0.118146000000 
0.538668000000 0.045112800000 0.037849400000 0.037088000000 
0.015400400000 0.352466000000 0.324568000000 0.282132000000 
0.009586810000 0.422521000000 0.387473000000 0.361650000000 
0.726680000000 0.012829700000 0.010448400000 0.010888600000 
0.464653000000 0.077030600000 0.066227100000 0.069738900000 
0.946772000000 0.000299185000 0.000086832300 0.000170625000 
0.403917000000 0.136034000000 0.115278000000 0.118102000000 
0.031393100000 0.326154000000 0.298587000000 0.248577000000 
0.008690830000 0.424257000000 0.389154000000 0.363645000000 
0.441807000000 0.133171000000 0.116674000000 0.118146000000 
0.538668000000 0.045112800000 0.037849400000 0.037088000000 
0.015400400000 0.352466000000 0.324568000000 0.282132000000 
0.011899900000 0.383170000000 0.353049000000 0.314712000000 
0.698917000000 0.015386800000 0.012535800000 0.013118100000 
0.464653000000 0.077030600000 0.066227100000 0.069738900000 
0.946772000000 0.000299185000 0.000086832300 0.000170625000 
0.403917000000 0.136034000000 0.115278000000 0.118102000000 
0.031393100000 0.326154000000 0.298587000000 0.248577000000 
0.008690830000 0.424257000000 0.389154000000 0.363645000000 
0.441807000000 0.133171000000 0.116674000000 0.118146000000 
0.015400400000 0.352466000000 0.324568000000 0.282132000000 
0.011899900000 0.383170000000 0.353049000000 0.314712000000 
0.698917000000 0.015386800000 0.012535800000 0.013118100000 
0.553280000000 0.041730300000 0.035153500000 0.034354100000 
0.464653000000 0.077030600000 0.066227100000 0.069738900000 
0.946772000000 0.000299185000 0.000086832300 0.000170625000 
0.403917000000 0.136034000000 0.115278000000 0.118102000000 
0.031393100000 0.326154000000 0.298587000000 0.248577000000 
0.008690830000 0.424257000000 0.389154000000 0.363645000000 
0.441807000000 0.133171000000 0.116674000000 0.118146000000 
0.015400400000 0.352466000000 0.324568000000 0.282132000000 
0.011899900000 0.383170000000 0.353049000000 0.314712000000 
0.698917000000 0.015386800000 0.012535800000 0.013118100000 
0.553280000000 0.041730300000 0.035153500000 0.034354100000 
0.464653000000 0.077030600000 0.066227100000 0.069738900000 
0.946772000000 0.000299185000 0.000086832300 0.000170625000 
0.403917000000 0.136034000000 0.115278000000 0.118102000000 
0.031393100000 0.326154000000 0.298587000000 0.248577000000 
0.008690830000 0.424257000000 0.389154000000 0.363645000000 
0.441807000000 0.133171000000 0.116674000000 0.118146000000 
0.015400400000 0.352466000000 0.324568000000 0.282132000000 
0.011899900000 0.383170000000 0.353049000000 0.314712000000 
0.698917000000 0.015386800000 0.012535800000 0.013118100000 
0.553280000000 0.041730300000 0.035153500000 0.034354100000 
0.464653000000 0.077030600000 0.066227100000 0.069738900000 
0.946772000000 0.000299185000 0.000086832300 0.000170625000 
0.403917000000 0.136034000000 0.115278000000 0.118102000000 
0.031393100000 0.326154000000 0.298587000000 0.248577000000 
0.008690830000 0.424257000000 0.389154000000 0.363645000000 
0.441807000000 0.133171000000 0.116674000000 0.118146000000 
0.015400400000 0.352466000000 0.324568000000 0.282132000000 
0.011899900000 0.383170000000 0.353049000000 0.314712000000 
0.698917000000 0.015386800000 0.012535800000 0.013118100000 
0.566779000000 0.048794100000 0.042299200000 0.044207600000 
0.464653000000 0.077030600000 0.066227100000 0.069738900000 
0.946772000000 0.000299185000 0.000086832300 0.000170625000 
0.403917000000 0.136034000000 0.115278000000 0.118102000000 
0.031393100000 0.326154000000 0.298587000000 0.248577000000 
0.008690830000 0.424257000000 0.389154000000 0.363645000000 
0.441807000000 0.133171000000 0.116674000000 0.118146000000 
0.545466000000 0.053122600000 0.045318400000 0.045390300000 
0.634122000000 0.025355600000 0.021178600000 0.021181500000 
0.014844400000 0.366460000000 0.338473000000 0.296781000000 
0.733941000000 0.011306700000 0.009162510000 0.009660640000 
0.464653000000 0.077030600000 0.066227100000 0.069738900000 
0.946772000000 0.000299185000 0.000086832300 0.000170625000 
0.403917000000 0.136034000000 0.115278000000 0.118102000000 
0.031393100000 0.326154000000 0.298587000000 0.248577000000 
0.008690830000 0.424257000000 0.389154000000 0.363645000000 
0.441807000000 0.133171000000 0.116674000000 0.118146000000 
0.545466000000 0.053122600000 0.045318400000 0.045390300000 
0.634122000000 0.025355600000 0.021178600000 0.021181500000 
0.014844400000 0.366460000000 0.338473000000 0.296781000000 
0.772689000000 0.008940680000 0.007211730000 0.007570400000 
0.445370000000 0.131448000000 0.112496000000 0.115675000000 
0.516480000000 0.064216100000 0.057676600000 0.058075400000 
0.434089000000 0.139302000000 0.120630000000 0.120780000000 
0.772689000000 0.008940680000 0.007211730000 0.007570400000 
0.639491000000 0.030117900000 0.026319000000 0.026678800000 
0.920510000000 0.001653590000 0.001055420000 0.001016910000 
0.067810500000 0.728335000000 0.696976000000 0.708184000000 
0.703150000000 0.018403300000 0.015833300000 0.016354600000 
0.686958000000 0.028668300000 0.024782700000 0.025786300000 
0.848870000000 0.003319580000 0.002596530000 0.002815540000 
0.464653000000 0.077030600000 0.066227100000 0.069738900000 
0.946772000000 0.000299185000 0.000086832300 0.000170625000 
0.403917000000 0.136034000000 0.115278000000 0.118102000000 
0.031393100000 0.326154000000 0.298587000000 0.248577000000 
0.008690830000 0.424257000000 0.389154000000 0.363645000000 
0.441807000000 0.133171000000 0.116674000000 0.118146000000 
0.545466000000 0.053122600000 0.045318400000 0.045390300000 
0.014844400000 0.366460000000 0.338473000000 0.296781000000 
0.627204000000 0.027023700000 0.022577500000 0.022563000000 
0.756164000000 0.010373700000 0.008416160000 0.008733140000 
0.464653000000 0.077030600000 0.066227100000 0.069738900000 
0.946772000000 0.000299185000 0.000086832300 0.000170625000 
0.403917000000 0.136034000000 0.115278000000 0.118102000000 
0.031393100000 0.326154000000 0.298587000000 0.248577000000 
0.008690830000 0.424257000000 0.389154000000 0.363645000000 
0.441807000000 0.133171000000 0.116674000000 0.118146000000 
0.545466000000 0.053122600000 0.045318400000 0.045390300000 
0.627204000000 0.027023700000 0.022577500000 0.022563000000 
0.756164000000 0.010373700000 0.008416160000 0.008733140000 
0.020029100000 0.374269000000 0.342089000000 0.303715000000 
0.464653000000 0.077030600000 0.066227100000 0.069738900000 
0.946772000000 0.000299185000 0.000086832300 0.000170625000 
0.403917000000 0.136034000000 0.115278000000 0.118102000000 
0.031393100000 0.326154000000 0.298587000000 0.248577000000 
0.008690830000 0.424257000000 0.389154000000 0.363645000000 
0.441807000000 0.133171000000 0.116674000000 0.118146000000 
0.545466000000 0.053122600000 0.045318400000 0.045390300000 
0.627204000000 0.027023700000 0.022577500000 0.022563000000 
0.756164000000 0.010373700000 0.008416160000 0.008733140000 
0.014844400000 0.366460000000 0.338473000000 0.296781000000 
0.464653000000 0.077030600000 0.066227100000 0.069738900000 
0.946772000000 0.000299185000 0.000086832300 0.000170625000 
0.403917000000 0.136034000000 0.115278000000 0.118102000000 
0.031393100000 0.326154000000 0.298587000000 0.248577000000 
0.008690830000 0.424257000000 0.389154000000 0.363645000000 
0.441807000000 0.133171000000 0.116674000000 0.118146000000 
0.545466000000 0.053122600000 0.045318400000 0.045390300000 
0.627204000000 0.027023700000 0.022577500000 0.022563000000 
0.756164000000 0.010373700000 0.008416160000 0.008733140000 
0.014844400000 0.366460000000 0.338473000000 0.296781000000 
0.464653000000 0.077030600000 0.066227100000 0.069738900000 
0.946772000000 0.000299185000 0.000086832300 0.000170625000 
0.403917000000 0.136034000000 0.115278000000 0.118102000000 
0.031393100000 0.326154000000 0.298587000000 0.248577000000 
0.008690830000 0.424257000000 0.389154000000 0.363645000000 
0.441807000000 0.133171000000 0.116674000000 0.118146000000 
0.545466000000 0.053122600000 0.045318400000 0.045390300000 
0.627204000000 0.027023700000 0.022577500000 0.022563000000 
0.756164000000 0.010373700000 0.008416160000 0.008733140000 
0.014844400000 0.366460000000 0.338473000000 0.296781000000 
0.464653000000 0.077030600000 0.066227100000 0.069738900000 
0.946772000000 0.000299185000 0.000086832300 0.000170625000 
0.403917000000 0.136034000000 0.115278000000 0.118102000000 
0.031393100000 0.326154000000 0.298587000000 0.248577000000 
0.008690830000 0.424257000000 0.389154000000 0.363645000000 
0.441807000000 0.133171000000 0.116674000000 0.118146000000 
0.545466000000 0.053122600000 0.045318400000 0.045390300000 
0.627204000000 0.027023700000 0.022577500000 0.022563000000 
0.756164000000 0.010373700000 0.008416160000 0.008733140000 
0.014844400000 0.366460000000 0.338473000000 0.296781000000 
0.464653000000 0.077030600000 0.066227100000 0.069738900000 
0.946772000000 0.000299185000 0.000086832300 0.000170625000 
0.403917000000 0.136034000000 0.115278000000 0.118102000000 
0.031393100000 0.326154000000 0.298587000000 0.248577000000 
0.008690830000 0.424257000000 0.389154000000 0.363645000000 
0.441807000000 0.133171000000 0.116674000000 0.118146000000 
0.627204000000 0.027023700000 0.022577500000 0.022563000000 
0.756164000000 0.010373700000 0.008416160000 0.008733140000 
0.014844400000 0.366460000000 0.338473000000 0.296781000000 
0.532606000000 0.046705200000 0.039466700000 0.038284800000 
0.464653000000 0.077030600000 0.066227100000 0.069738900000 
0.946772000000 0.000299185000 0.000086832300 0.000170625000 
0.403917000000 0.136034000000 0.115278000000 0.118102000000 
0.031393100000 0.326154000000 0.298587000000 0.248577000000 
0.008690830000 0.424257000000 0.389154000000 0.363645000000 
0.441807000000 0.133171000000 0.116674000000 0.118146000000 
0.627204000000 0.027023700000 0.022577500000 0.022563000000 
0.756164000000 0.010373700000 0.008416160000 0.008733140000 
0.014844400000 0.366460000000 0.338473000000 0.296781000000 
0.532606000000 0.046705200000 0.039466700000 0.038284800000 
0.464653000000 0.077030600000 0.066227100000 0.069738900000 
0.946772000000 0.000299185000 0.000086832300 0.000170625000 
0.403917000000 0.136034000000 0.115278000000 0.118102000000 
0.031393100000 0.326154000000 0.298587000000 0.248577000000 
0.008690830000 0.424257000000 0.389154000000 0.363645000000 
0.441807000000 0.133171000000 0.116674000000 0.118146000000 
0.627204000000 0.027023700000 0.022577500000 0.022563000000 
0.014844400000 0.366460000000 0.338473000000 0.296781000000 
0.532606000000 0.046705200000 0.039466700000 0.038284800000 
0.765726000000 0.010545000000 0.008359430000 0.009227050000 
0.464653000000 0.077030600000 0.066227100000 0.069738900000 
0.946772000000 0.000299185000 0.000086832300 0.000170625000 
0.403917000000 0.136034000000 0.115278000000 0.118102000000 
0.031393100000 0.326154000000 0.298587000000 0.248577000000 
0.008690830000 0.424257000000 0.389154000000 0.363645000000 
0.441807000000 0.133171000000 0.116674000000 0.118146000000 
0.627204000000 0.027023700000 0.022577500000 0.022563000000 
0.014844400000 0.366460000000 0.338473000000 0.296781000000 
0.532606000000 0.046705200000 0.039466700000 0.038284800000 
0.765726000000 0.010545000000 0.008359430000 0.009227050000 
0.445370000000 0.131448000000 0.112496000000 0.115675000000 
0.434089000000 0.139302000000 0.120630000000 0.120780000000 
0.772689000000 0.008940680000 0.007211730000 0.007570400000 
0.920510000000 0.001653590000 0.001055420000 0.001016910000 
0.848870000000 0.003319580000 0.002596530000 0.002815540000 
0.481259000000 0.060018400000 0.050966500000 0.048522500000 
0.716967000000 0.014718300000 0.012097600000 0.012399600000 
0.009109500000 0.436346000000 0.400735000000 0.376506000000 
0.615115000000 0.045344400000 0.037534800000 0.039976200000 
0.671737000000 0.019965600000 0.016593200000 0.016766900000 
0.464653000000 0.077030600000 0.066227100000 0.069738900000 
0.946772000000 0.000299185000 0.000086832300 0.000170625000 
0.403917000000 0.136034000000 0.115278000000 0.118102000000 
0.031393100000 0.326154000000 0.298587000000 0.248577000000 
0.008690830000 0.424257000000 0.389154000000 0.363645000000 
0.441807000000 0.133171000000 0.116674000000 0.118146000000 
0.014844400000 0.366460000000 0.338473000000 0.296781000000 
0.532606000000 0.046705200000 0.039466700000 0.038284800000 
0.765726000000 0.010545000000 0.008359430000 0.009227050000 
0.651016000000 0.026454900000 0.021685300000 0.022723900000 
0.464653000000 0.077030600000 0.066227100000 0.069738900000 
0.946772000000 0.000299185000 0.000086832300 0.000170625000 
0.403917000000 0.136034000000 0.115278000000 0.118102000000 
0.031393100000 0.326154000000 0.298587000000 0.248577000000 
0.008690830000 0.424257000000 0.389154000000 0.363645000000 
0.441807000000 0.133171000000 0.116674000000 0.118146000000 
0.014844400000 0.366460000000 0.338473000000 0.296781000000 
0.532606000000 0.046705200000 0.039466700000 0.038284800000 
0.765726000000 0.010545000000 0.008359430000 0.009227050000 
0.014258900000 0.427585000000 0.393205000000 0.362651000000 
0.464653000000 0.077030600000 0.066227100000 0.069738900000 
0.946772000000 0.000299185000 0.000086832300 0.000170625000 
0.403917000000 0.136034000000 0.115278000000 0.118102000000 
0.031393100000 0.326154000000 0.298587000000 0.248577000000 
0.008690830000 0.424257000000 0.389154000000 0.363645000000 
0.441807000000 0.133171000000 0.116674000000 0.118146000000 
0.014844400000 0.366460000000 0.338473000000 0.296781000000 
0.532606000000 0.046705200000 0.039466700000 0.038284800000 
0.765726000000 0.010545000000 0.008359430000 0.009227050000 
0.684692000000 0.018578000000 0.015405400000 0.015596000000 
0.464653000000 0.077030600000 0.066227100000 0.069738900000 
0.946772000000 0.000299185000 0.000086832300 0.000170625000 
0.403917000000 0.136034000000 0.115278000000 0.118102000000 
0.031393100000 0.326154000000 0.298587000000 0.248577000000 
0.008690830000 0.424257000000 0.389154000000 0.363645000000 
0.441807000000 0.133171000000 0.116674000000 0.118146000000 
0.014844400000 0.366460000000 0.338473000000 0.296781000000 
0.532606000000 0.046705200000 0.039466700000 0.038284800000 
0.009155270000 0.406226000000 0.372650000000 0.344448000000 
0.698229000000 0.015421800000 0.012512800000 0.013089000000 
0.464653000000 0.077030600000 0.066227100000 0.069738900000 
0.946772000000 0.000299185000 0.000086832300 0.000170625000 
0.403917000000 0.136034000000 0.115278000000 0.118102000000 
0.031393100000 0.326154000000 0.298587000000 0.248577000000 
0.008690830000 0.424257000000 0.389154000000 0.363645000000 
0.441807000000 0.133171000000 0.116674000000 0.118146000000 
0.014844400000 0.366460000000 0.338473000000 0.296781000000 
0.532606000000 0.046705200000 0.039466700000 0.038284800000 
0.009155270000 0.406226000000 0.372650000000 0.344448000000 
0.698229000000 0.015421800000 0.012512800000 0.013089000000 
0.464653000000 0.077030600000 0.066227100000 0.069738900000 
0.946772000000 0.000299185000 0.000086832300 0.000170625000 
0.403917000000 0.136034000000 0.115278000000 0.118102000000 
0.031393100000 0.326154000000 0.298587000000 0.248577000000 
0.008690830000 0.424257000000 0.389154000000 0.363645000000 
0.441807000000 0.133171000000 0.116674000000 0.118146000000 
0.014844400000 0.366460000000 0.338473000000 0.296781000000 
0.532606000000 0.046705200000 0.039466700000 0.038284800000 
0.713270000000 0.015385600000 0.012379700000 0.013096500000 
0.012305300000 0.384475000000 0.353972000000 0.319087000000 
0.464653000000 0.077030600000 0.066227100000 0.069738900000 
0.946772000000 0.000299185000 0.000086832300 0.000170625000 
0.403917000000 0.136034000000 0.115278000000 0.118102000000 
0.031393100000 0.326154000000 0.298587000000 0.248577000000 
0.008690830000 0.424257000000 0.389154000000 0.363645000000 
0.441807000000 0.133171000000 0.116674000000 0.118146000000 
0.012305300000 0.384475000000 0.353972000000 0.319087000000 
0.015400400000 0.352466000000 0.324568000000 0.282132000000 
0.615115000000 0.045344400000 0.037534800000 0.039976200000 
0.711210000000 0.016425900000 0.013215600000 0.014167600000 
0.464653000000 0.077030600000 0.066227100000 0.069738900000 
0.946772000000 0.000299185000 0.000086832300 0.000170625000 
0.403917000000 0.136034000000 0.115278000000 0.118102000000 
0.031393100000 0.326154000000 0.298587000000 0.248577000000 
0.008690830000 0.424257000000 0.389154000000 0.363645000000 
0.441807000000 0.133171000000 0.116674000000 0.118146000000 
0.012305300000 0.384475000000 0.353972000000 0.319087000000 
0.015400400000 0.352466000000 0.324568000000 0.282132000000 
0.714072000000 0.017960600000 0.014566000000 0.015720000000 
0.574950000000 0.049930800000 0.041240400000 0.044750500000 
0.464653000000 0.077030600000 0.066227100000 0.069738900000 
0.946772000000 0.000299185000 0.000086832300 0.000170625000 
0.403917000000 0.136034000000 0.115278000000 0.118102000000 
0.031393100000 0.326154000000 0.298587000000 0.248577000000 
0.008690830000 0.424257000000 0.389154000000 0.363645000000 
0.441807000000 0.133171000000 0.116674000000 0.118146000000 
0.012305300000 0.384475000000 0.353972000000 0.319087000000 
0.015400400000 0.352466000000 0.324568000000 0.282132000000 
0.714072000000 0.017960600000 0.014566000000 0.015720000000 
0.574950000000 0.049930800000 0.041240400000 0.044750500000 
0.464653000000 0.077030600000 0.066227100000 0.069738900000 
0.946772000000 0.000299185000 0.000086832300 0.000170625000 
0.403917000000 0.136034000000 0.115278000000 0.118102000000 
0.031393100000 0.326154000000 0.298587000000 0.248577000000 
0.008690830000 0.424257000000 0.389154000000 0.363645000000 
0.441807000000 0.133171000000 0.116674000000 0.118146000000 
0.012305300000 0.384475000000 0.353972000000 0.319087000000 
0.015400400000 0.352466000000 0.324568000000 0.282132000000 
0.574950000000 0.049930800000 0.041240400000 0.044750500000 
0.756768000000 0.012179500000 0.009735960000 0.010631800000 
0.445370000000 0.131448000000 0.112496000000 0.115675000000 
0.434089000000 0.139302000000 0.120630000000 0.120780000000 
0.772689000000 0.008940680000 0.007211730000 0.007570400000 
0.920510000000 0.001653590000 0.001055420000 0.001016910000 
0.481259000000 0.060018400000 0.050966500000 0.048522500000 
0.615115000000 0.045344400000 0.037534800000 0.039976200000 
0.671737000000 0.019965600000 0.016593200000 0.016766900000 
0.431862000000 0.198398000000 0.168518000000 0.161788000000 
0.008796690000 0.419332000000 0.384662000000 0.358617000000 
0.469256000000 0.128879000000 0.113377000000 0.115803000000 
0.464653000000 0.077030600000 0.066227100000 0.069738900000 
0.946772000000 0.000299185000 0.000086832300 0.000170625000 
0.403917000000 0.136034000000 0.115278000000 0.118102000000 
0.031393100000 0.326154000000 0.298587000000 0.248577000000 
0.008690830000 0.424257000000 0.389154000000 0.363645000000 
0.015400400000 0.352466000000 0.324568000000 0.282132000000 
0.574950000000 0.049930800000 0.041240400000 0.044750500000 
0.711925000000 0.015177800000 0.012499000000 0.012767300000 
0.379817000000 0.155507000000 0.127735000000 0.129467000000 
0.011899900000 0.383170000000 0.353049000000 0.314712000000 
0.464653000000 0.077030600000 0.066227100000 0.069738900000 
0.946772000000 0.000299185000 0.000086832300 0.000170625000 
0.403917000000 0.136034000000 0.115278000000 0.118102000000 
0.031393100000 0.326154000000 0.298587000000 0.248577000000 
0.008690830000 0.424257000000 0.389154000000 0.363645000000 
0.015400400000 0.352466000000 0.324568000000 0.282132000000 
0.379817000000 0.155507000000 0.127735000000 0.129467000000 
0.011899900000 0.383170000000 0.353049000000 0.314712000000 
0.568408000000 0.037465600000 0.031528600000 0.030982800000 
0.724144000000 0.015011800000 0.012848400000 0.013313800000 
0.464653000000 0.077030600000 0.066227100000 0.069738900000 
0.946772000000 0.000299185000 0.000086832300 0.000170625000 
0.403917000000 0.136034000000 0.115278000000 0.118102000000 
0.031393100000 0.326154000000 0.298587000000 0.248577000000 
0.008690830000 0.424257000000 0.389154000000 0.363645000000 
0.015400400000 0.352466000000 0.324568000000 0.282132000000 
0.379817000000 0.155507000000 0.127735000000 0.129467000000 
0.011899900000 0.383170000000 0.353049000000 0.314712000000 
0.568408000000 0.037465600000 0.031528600000 0.030982800000 
0.724144000000 0.015011800000 0.012848400000 0.013313800000 
0.464653000000 0.077030600000 0.066227100000 0.069738900000 
0.946772000000 0.000299185000 0.000086832300 0.000170625000 
0.403917000000 0.136034000000 0.115278000000 0.118102000000 
0.031393100000 0.326154000000 0.298587000000 0.248577000000 
0.008690830000 0.424257000000 0.389154000000 0.363645000000 
0.015400400000 0.352466000000 0.324568000000 0.282132000000 
0.379817000000 0.155507000000 0.127735000000 0.129467000000 
0.011899900000 0.383170000000 0.353049000000 0.314712000000 
0.568408000000 0.037465600000 0.031528600000 0.030982800000 
0.729522000000 0.013406200000 0.011262400000 0.011557500000 
0.464653000000 0.077030600000 0.066227100000 0.069738900000 
0.946772000000 0.000299185000 0.000086832300 0.000170625000 
0.403917000000 0.136034000000 0.115278000000 0.118102000000 
0.031393100000 0.326154000000 0.298587000000 0.248577000000 
0.008690830000 0.424257000000 0.389154000000 0.363645000000 
0.015400400000 0.352466000000 0.324568000000 0.282132000000 
0.379817000000 0.155507000000 0.127735000000 0.129467000000 
0.011899900000 0.383170000000 0.353049000000 0.314712000000 
0.568408000000 0.037465600000 0.031528600000 0.030982800000 
0.729522000000 0.013406200000 0.011262400000 0.011557500000 
0.464653000000 0.077030600000 0.066227100000 0.069738900000 
0.946772000000 0.000299185000 0.000086832300 0.000170625000 
0.403917000000 0.136034000000 0.115278000000 0.118102000000 
0.031393100000 0.326154000000 0.298587000000 0.248577000000 
0.008690830000 0.424257000000 0.389154000000 0.363645000000 
0.015400400000 0.352466000000 0.324568000000 0.282132000000 
0.379817000000 0.155507000000 0.127735000000 0.129467000000 
0.011899900000 0.383170000000 0.353049000000 0.314712000000 
0.568408000000 0.037465600000 0.031528600000 0.030982800000 
0.729522000000 0.013406200000 0.011262400000 0.011557500000 
0.464653000000 0.077030600000 0.066227100000 0.069738900000 
0.946772000000 0.000299185000 0.000086832300 0.000170625000 
0.403917000000 0.136034000000 0.115278000000 0.118102000000 
0.031393100000 0.326154000000 0.298587000000 0.248577000000 
0.008690830000 0.424257000000 0.389154000000 0.363645000000 
0.015400400000 0.352466000000 0.324568000000 0.282132000000 
0.379817000000 0.155507000000 0.127735000000 0.129467000000 
0.011899900000 0.383170000000 0.353049000000 0.314712000000 
0.568408000000 0.037465600000 0.031528600000 0.030982800000 
0.729522000000 0.013406200000 0.011262400000 0.011557500000 
0.464653000000 0.077030600000 0.066227100000 0.069738900000 
0.946772000000 0.000299185000 0.000086832300 0.000170625000 
0.403917000000 0.136034000000 0.115278000000 0.118102000000 
0.031393100000 0.326154000000 0.298587000000 0.248577000000 
0.008690830000 0.424257000000 0.389154000000 0.363645000000 
0.015400400000 0.352466000000 0.324568000000 0.282132000000 
0.379817000000 0.155507000000 0.127735000000 0.129467000000 
0.011899900000 0.383170000000 0.353049000000 0.314712000000 
0.729522000000 0.013406200000 0.011262400000 0.011557500000 
0.559508000000 0.040109200000 0.033792400000 0.033054500000 
0.464653000000 0.077030600000 0.066227100000 0.069738900000 
0.946772000000 0.000299185000 0.000086832300 0.000170625000 
0.403917000000 0.136034000000 0.115278000000 0.118102000000 
0.031393100000 0.326154000000 0.298587000000 0.248577000000 
0.008690830000 0.424257000000 0.389154000000 0.363645000000 
0.015400400000 0.352466000000 0.324568000000 0.282132000000 
0.379817000000 0.155507000000 0.127735000000 0.129467000000 
0.011899900000 0.383170000000 0.353049000000 0.314712000000 
0.559508000000 0.040109200000 0.033792400000 0.033054500000 
0.715678000000 0.016430700000 0.013327600000 0.014326000000 
0.464653000000 0.077030600000 0.066227100000 0.069738900000 
0.946772000000 0.000299185000 0.000086832300 0.000170625000 
0.403917000000 0.136034000000 0.115278000000 0.118102000000 
0.031393100000 0.326154000000 0.298587000000 0.248577000000 
0.008690830000 0.424257000000 0.389154000000 0.363645000000 
0.015400400000 0.352466000000 0.324568000000 0.282132000000 
0.379817000000 0.155507000000 0.127735000000 0.129467000000 
0.011899900000 0.383170000000 0.353049000000 0.314712000000 
0.559508000000 0.040109200000 0.033792400000 0.033054500000 
0.693223000000 0.015973600000 0.012979900000 0.013542700000 
0.445370000000 0.131448000000 0.112496000000 0.115675000000 
0.434089000000 0.139302000000 0.120630000000 0.120780000000 
0.920510000000 0.001653590000 0.001055420000 0.001016910000 
0.431862000000 0.198398000000 0.168518000000 0.161788000000 
0.008796690000 0.419332000000 0.384662000000 0.358617000000 
0.659460000000 0.021451500000 0.017864900000 0.017970200000 
0.473266000000 0.062432800000 0.052848300000 0.050291100000 
0.559903000000 0.040159400000 0.033609200000 0.033226200000 
0.009202960000 0.410630000000 0.376401000000 0.348392000000 
0.790124000000 0.009079020000 0.007175780000 0.007813250000 
0.464653000000 0.077030600000 0.066227100000 0.069738900000 
0.946772000000 0.000299185000 0.000086832300 0.000170625000 
0.403917000000 0.136034000000 0.115278000000 0.118102000000 
0.031393100000 0.326154000000 0.298587000000 0.248577000000 
0.008690830000 0.424257000000 0.389154000000 0.363645000000 
0.015400400000 0.352466000000 0.324568000000 0.282132000000 
0.379817000000 0.155507000000 0.127735000000 0.129467000000 
0.011899900000 0.383170000000 0.353049000000 0.314712000000 
0.559508000000 0.040109200000 0.033792400000 0.033054500000 
0.711925000000 0.015177800000 0.012499000000 0.012767300000 
0.464653000000 0.077030600000 0.066227100000 0.069738900000 
0.946772000000 0.000299185000 0.000086832300 0.000170625000 
0.403917000000 0.136034000000 0.115278000000 0.118102000000 
0.031393100000 0.326154000000 0.298587000000 0.248577000000 
0.008690830000 0.424257000000 0.389154000000 0.363645000000 
0.015400400000 0.352466000000 0.324568000000 0.282132000000 
0.379817000000 0.155507000000 0.127735000000 0.129467000000 
0.011899900000 0.383170000000 0.353049000000 0.314712000000 
0.559508000000 0.040109200000 0.033792400000 0.033054500000 
0.711925000000 0.015177800000 0.012499000000 0.012767300000 
0.464653000000 0.077030600000 0.066227100000 0.069738900000 
0.946772000000 0.000299185000 0.000086832300 0.000170625000 
0.031393100000 0.326154000000 0.298587000000 0.248577000000 
0.008690830000 0.424257000000 0.389154000000 0.363645000000 
0.015400400000 0.352466000000 0.324568000000 0.282132000000 
0.379817000000 0.155507000000 0.127735000000 0.129467000000 
0.011899900000 0.383170000000 0.353049000000 0.314712000000 
0.559508000000 0.040109200000 0.033792400000 0.033054500000 
0.711925000000 0.015177800000 0.012499000000 0.012767300000 
0.445370000000 0.131448000000 0.112496000000 0.115675000000 
0.464653000000 0.077030600000 0.066227100000 0.069738900000 
0.946772000000 0.000299185000 0.000086832300 0.000170625000 
0.031393100000 0.326154000000 0.298587000000 0.248577000000 
0.008690830000 0.424257000000 0.389154000000 0.363645000000 
0.015400400000 0.352466000000 0.324568000000 0.282132000000 
0.379817000000 0.155507000000 0.127735000000 0.129467000000 
0.011899900000 0.383170000000 0.353049000000 0.314712000000 
0.559508000000 0.040109200000 0.033792400000 0.033054500000 
0.711925000000 0.015177800000 0.012499000000 0.012767300000 
0.445370000000 0.131448000000 0.112496000000 0.115675000000 
0.464653000000 0.077030600000 0.066227100000 0.069738900000 
0.946772000000 0.000299185000 0.000086832300 0.000170625000 
0.031393100000 0.326154000000 0.298587000000 0.248577000000 
0.008690830000 0.424257000000 0.389154000000 0.363645000000 
0.015400400000 0.352466000000 0.324568000000 0.282132000000 
0.379817000000 0.155507000000 0.127735000000 0.129467000000 
0.011899900000 0.383170000000 0.353049000000 0.314712000000 
0.559508000000 0.040109200000 0.033792400000 0.033054500000 
0.711925000000 0.015177800000 0.012499000000 0.012767300000 
0.445370000000 0.131448000000 0.112496000000 0.115675000000 
0.464653000000 0.077030600000 0.066227100000 0.069738900000 
0.946772000000 0.000299185000 0.000086832300 0.000170625000 
0.031393100000 0.326154000000 0.298587000000 0.248577000000 
0.008690830000 0.424257000000 0.389154000000 0.363645000000 
0.015400400000 0.352466000000 0.324568000000 0.282132000000 
0.379817000000 0.155507000000 0.127735000000 0.129467000000 
0.011899900000 0.383170000000 0.353049000000 0.314712000000 
0.445370000000 0.131448000000 0.112496000000 0.115675000000 
0.718987000000 0.014274700000 0.011718100000 0.012024300000 
0.557045000000 0.042840900000 0.036251300000 0.034703200000 
0.464653000000 0.077030600000 0.066227100000 0.069738900000 
0.946772000000 0.000299185000 0.000086832300 0.000170625000 
0.031393100000 0.326154000000 0.298587000000 0.248577000000 
0.008690830000 0.424257000000 0.389154000000 0.363645000000 
0.015400400000 0.352466000000 0.324568000000 0.282132000000 
0.379817000000 0.155507000000 0.127735000000 0.129467000000 
0.011899900000 0.383170000000 0.353049000000 0.314712000000 
0.445370000000 0.131448000000 0.112496000000 0.115675000000 
0.557045000000 0.042840900000 0.036251300000 0.034703200000 
0.715227000000 0.016006200000 0.013013700000 0.013976500000 
0.464653000000 0.077030600000 0.066227100000 0.069738900000 
0.946772000000 0.000299185000 0.000086832300 0.000170625000 
0.031393100000 0.326154000000 0.298587000000 0.248577000000 
0.008690830000 0.424257000000 0.389154000000 0.363645000000 
0.015400400000 0.352466000000 0.324568000000 0.282132000000 
0.379817000000 0.155507000000 0.127735000000 0.129467000000 
0.011899900000 0.383170000000 0.353049000000 0.314712000000 
0.445370000000 0.131448000000 0.112496000000 0.115675000000 
0.557045000000 0.042840900000 0.036251300000 0.034703200000 
0.715227000000 0.016006200000 0.013013700000 0.013976500000 
0.464653000000 0.077030600000 0.066227100000 0.069738900000 
0.946772000000 0.000299185000 0.000086832300 0.000170625000 
0.031393100000 0.326154000000 0.298587000000 0.248577000000 
0.008690830000 0.424257000000 0.389154000000 0.363645000000 
0.015400400000 0.352466000000 0.324568000000 0.282132000000 
0.379817000000 0.155507000000 0.127735000000 0.129467000000 
0.011899900000 0.383170000000 0.353049000000 0.314712000000 
0.445370000000 0.131448000000 0.112496000000 0.115675000000 
0.557045000000 0.042840900000 0.036251300000 0.034703200000 
0.715227000000 0.016006200000 0.013013700000 0.013976500000 
0.464653000000 0.077030600000 0.066227100000 0.069738900000 
0.946772000000 0.000299185000 0.000086832300 0.000170625000 
0.031393100000 0.326154000000 0.298587000000 0.248577000000 
0.008690830000 0.424257000000 0.389154000000 0.363645000000 
0.015400400000 0.352466000000 0.324568000000 0.282132000000 
0.379817000000 0.155507000000 0.127735000000 0.129467000000 
0.011899900000 0.383170000000 0.353049000000 0.314712000000 
0.445370000000 0.131448000000 0.112496000000 0.115675000000 
0.587097000000 0.040579100000 0.035744200000 0.035147100000 
0.693223000000 0.015973600000 0.012979900000 0.013542700000 
0.445370000000 0.131448000000 0.112496000000 0.115675000000 
0.008796690000 0.419332000000 0.384662000000 0.358617000000 
0.009202960000 0.410630000000 0.376401000000 0.348392000000 
0.464653000000 0.077030600000 0.066227100000 0.069738900000 
0.946772000000 0.000299185000 0.000086832300 0.000170625000 
0.403917000000 0.136034000000 0.115278000000 0.118102000000 
0.820047000000 0.005737630000 0.004817350000 0.005002810000 
0.031393100000 0.326154000000 0.298587000000 0.248577000000 
0.689332000000 0.023289700000 0.020136100000 0.020985100000 
0.565509000000 0.049600700000 0.043943800000 0.044862700000 
0.464653000000 0.077030600000 0.066227100000 0.069738900000 
0.946772000000 0.000299185000 0.000086832300 0.000170625000 
0.031393100000 0.326154000000 0.298587000000 0.248577000000 
0.008690830000 0.424257000000 0.389154000000 0.363645000000 
0.015400400000 0.352466000000 0.324568000000 0.282132000000 
0.379817000000 0.155507000000 0.127735000000 0.129467000000 
0.011899900000 0.383170000000 0.353049000000 0.314712000000 
0.445370000000 0.131448000000 0.112496000000 0.115675000000 
0.574950000000 0.049930800000 0.041240400000 0.044750500000 
0.735581000000 0.020126900000 0.016481000000 0.016977900000 
0.464653000000 0.077030600000 0.066227100000 0.069738900000 
0.946772000000 0.000299185000 0.000086832300 0.000170625000 
0.031393100000 0.326154000000 0.298587000000 0.248577000000 
0.008690830000 0.424257000000 0.389154000000 0.363645000000 
0.015400400000 0.352466000000 0.324568000000 0.282132000000 
0.379817000000 0.155507000000 0.127735000000 0.129467000000 
0.011899900000 0.383170000000 0.353049000000 0.314712000000 
0.445370000000 0.131448000000 0.112496000000 0.115675000000 
0.574950000000 0.049930800000 0.041240400000 0.044750500000 
0.715227000000 0.016006200000 0.013013700000 0.013976500000 
0.464653000000 0.077030600000 0.066227100000 0.069738900000 
0.946772000000 0.000299185000 0.000086832300 0.000170625000 
0.031393100000 0.326154000000 0.298587000000 0.248577000000 
0.008690830000 0.424257000000 0.389154000000 0.363645000000 
0.015400400000 0.352466000000 0.324568000000 0.282132000000 
0.379817000000 0.155507000000 0.127735000000 0.129467000000 
0.011899900000 0.383170000000 0.353049000000 0.314712000000 
0.445370000000 0.131448000000 0.112496000000 0.115675000000 
0.574950000000 0.049930800000 0.041240400000 0.044750500000 
0.733214000000 0.012723000000 0.010430000000 0.010704800000 
0.464653000000 0.077030600000 0.066227100000 0.069738900000 
0.946772000000 0.000299185000 0.000086832300 0.000170625000 
0.031393100000 0.326154000000 0.298587000000 0.248577000000 
0.008690830000 0.424257000000 0.389154000000 0.363645000000 
0.015400400000 0.352466000000 0.324568000000 0.282132000000 
0.379817000000 0.155507000000 0.127735000000 0.129467000000 
0.011899900000 0.383170000000 0.353049000000 0.314712000000 
0.445370000000 0.131448000000 0.112496000000 0.115675000000 
0.727618000000 0.013035100000 0.010670000000 0.010983300000 
0.588509000000 0.045697300000 0.038530500000 0.041087000000 
0.464653000000 0.077030600000 0.066227100000 0.069738900000 
0.946772000000 0.000299185000 0.000086832300 0.000170625000 
0.031393100000 0.326154000000 0.298587000000 0.248577000000 
0.008690830000 0.424257000000 0.389154000000 0.363645000000 
0.015400400000 0.352466000000 0.324568000000 0.282132000000 
0.379817000000 0.155507000000 0.127735000000 0.129467000000 
0.011899900000 0.383170000000 0.353049000000 0.314712000000 
0.445370000000 0.131448000000 0.112496000000 0.115675000000 
0.588509000000 0.045697300000 0.038530500000 0.041087000000 
0.727485000000 0.016878700000 0.013394500000 0.014780100000 
0.464653000000 0.077030600000 0.066227100000 0.069738900000 
0.946772000000 0.000299185000 0.000086832300 0.000170625000 
0.031393100000 0.326154000000 0.298587000000 0.248577000000 
0.008690830000 0.424257000000 0.389154000000 0.363645000000 
0.015400400000 0.352466000000 0.324568000000 0.282132000000 
0.379817000000 0.155507000000 0.127735000000 0.129467000000 
0.011899900000 0.383170000000 0.353049000000 0.314712000000 
0.445370000000 0.131448000000 0.112496000000 0.115675000000 
0.588509000000 0.045697300000 0.038530500000 0.041087000000 
0.726101000000 0.016247500000 0.013072400000 0.014270600000 
0.464653000000 0.077030600000 0.066227100000 0.069738900000 
0.946772000000 0.000299185000 0.000086832300 0.000170625000 
0.031393100000 0.326154000000 0.298587000000 0.248577000000 
0.008690830000 0.424257000000 0.389154000000 0.363645000000 
0.015400400000 0.352466000000 0.324568000000 0.282132000000 
0.379817000000 0.155507000000 0.127735000000 0.129467000000 
0.011899900000 0.383170000000 0.353049000000 0.314712000000 
0.445370000000 0.131448000000 0.112496000000 0.115675000000 
0.588509000000 0.045697300000 0.038530500000 0.041087000000 
0.735581000000 0.020126900000 0.016481000000 0.016977900000 
0.464653000000 0.077030600000 0.066227100000 0.069738900000 
0.946772000000 0.000299185000 0.000086832300 0.000170625000 
0.031393100000 0.326154000000 0.298587000000 0.248577000000 
0.008690830000 0.424257000000 0.389154000000 0.363645000000 
0.015400400000 0.352466000000 0.324568000000 0.282132000000 
0.379817000000 0.155507000000 0.127735000000 0.129467000000 
0.011899900000 0.383170000000 0.353049000000 0.314712000000 
0.445370000000 0.131448000000 0.112496000000 0.115675000000 
0.588509000000 0.045697300000 0.038530500000 0.041087000000 
0.735581000000 0.020126900000 0.016481000000 0.016977900000 
0.464653000000 0.077030600000 0.066227100000 0.069738900000 
0.946772000000 0.000299185000 0.000086832300 0.000170625000 
0.031393100000 0.326154000000 0.298587000000 0.248577000000 
0.008690830000 0.424257000000 0.389154000000 0.363645000000 
0.015400400000 0.352466000000 0.324568000000 0.282132000000 
0.379817000000 0.155507000000 0.127735000000 0.129467000000 
0.011899900000 0.383170000000 0.353049000000 0.314712000000 
0.445370000000 0.131448000000 0.112496000000 0.115675000000 
0.588509000000 0.045697300000 0.038530500000 0.041087000000 
0.705369000000 0.016954700000 0.014468500000 0.014743200000 
0.464653000000 0.077030600000 0.066227100000 0.069738900000 
0.946772000000 0.000299185000 0.000086832300 0.000170625000 
0.031393100000 0.326154000000 0.298587000000 0.248577000000 
0.008690830000 0.424257000000 0.389154000000 0.363645000000 
0.015400400000 0.352466000000 0.324568000000 0.282132000000 
0.379817000000 0.155507000000 0.127735000000 0.129467000000 
0.011899900000 0.383170000000 0.353049000000 0.314712000000 
0.445370000000 0.131448000000 0.112496000000 0.115675000000 
0.588509000000 0.045697300000 0.038530500000 0.041087000000 
0.716967000000 0.014718300000 0.012097600000 0.012399600000 
0.445370000000 0.131448000000 0.112496000000 0.115675000000 
0.464653000000 0.077030600000 0.066227100000 0.069738900000 
0.946772000000 0.000299185000 0.000086832300 0.000170625000 
0.403917000000 0.136034000000 0.115278000000 0.118102000000 
0.031393100000 0.326154000000 0.298587000000 0.248577000000 
0.565509000000 0.049600700000 0.043943800000 0.044862700000 
0.766310000000 0.010182000000 0.008250650000 0.008591450000 
0.008690830000 0.424257000000 0.389154000000 0.363645000000 
0.020029100000 0.374269000000 0.342089000000 0.303715000000 
0.650092000000 0.022947400000 0.019099200000 0.019201800000 
0.464653000000 0.077030600000 0.066227100000 0.069738900000 
0.946772000000 0.000299185000 0.000086832300 0.000170625000 
0.031393100000 0.326154000000 0.298587000000 0.248577000000 
0.008690830000 0.424257000000 0.389154000000 0.363645000000 
0.015400400000 0.352466000000 0.324568000000 0.282132000000 
0.379817000000 0.155507000000 0.127735000000 0.129467000000 
0.011899900000 0.383170000000 0.353049000000 0.314712000000 
0.445370000000 0.131448000000 0.112496000000 0.115675000000 
0.588509000000 0.045697300000 0.038530500000 0.041087000000 
0.716967000000 0.014718300000 0.012097600000 0.012399600000 
0.464653000000 0.077030600000 0.066227100000 0.069738900000 
0.946772000000 0.000299185000 0.000086832300 0.000170625000 
0.031393100000 0.326154000000 0.298587000000 0.248577000000 
0.008690830000 0.424257000000 0.389154000000 0.363645000000 
0.015400400000 0.352466000000 0.324568000000 0.282132000000 
0.379817000000 0.155507000000 0.127735000000 0.129467000000 
0.011899900000 0.383170000000 0.353049000000 0.314712000000 
0.445370000000 0.131448000000 0.112496000000 0.115675000000 
0.588509000000 0.045697300000 0.038530500000 0.041087000000 
0.716967000000 0.014718300000 0.012097600000 0.012399600000 
0.464653000000 0.077030600000 0.066227100000 0.069738900000 
0.946772000000 0.000299185000 0.000086832300 0.000170625000 
0.031393100000 0.326154000000 0.298587000000 0.248577000000 
0.008690830000 0.424257000000 0.389154000000 0.363645000000 
0.015400400000 0.352466000000 0.324568000000 0.282132000000 
0.379817000000 0.155507000000 0.127735000000 0.129467000000 
0.011899900000 0.383170000000 0.353049000000 0.314712000000 
0.445370000000 0.131448000000 0.112496000000 0.115675000000 
0.584245000000 0.044694100000 0.037615200000 0.039524900000 
0.734497000000 0.019218900000 0.014710000000 0.016293200000 
0.464653000000 0.077030600000 0.066227100000 0.069738900000 
0.946772000000 0.000299185000 0.000086832300 0.000170625000 
0.031393100000 0.326154000000 0.298587000000 0.248577000000 
0.008690830000 0.424257000000 0.389154000000 0.363645000000 
0.015400400000 0.352466000000 0.324568000000 0.282132000000 
0.379817000000 0.155507000000 0.127735000000 0.129467000000 
0.011899900000 0.383170000000 0.353049000000 0.314712000000 
0.445370000000 0.131448000000 0.112496000000 0.115675000000 
0.734497000000 0.019218900000 0.014710000000 0.016293200000 
0.615115000000 0.045344400000 0.037534800000 0.039976200000 
0.464653000000 0.077030600000 0.066227100000 0.069738900000 
0.946772000000 0.000299185000 0.000086832300 0.000170625000 
0.031393100000 0.326154000000 0.298587000000 0.248577000000 
0.008690830000 0.424257000000 0.389154000000 0.363645000000 
0.015400400000 0.352466000000 0.324568000000 0.282132000000 
0.379817000000 0.155507000000 0.127735000000 0.129467000000 
0.011899900000 0.383170000000 0.353049000000 0.314712000000 
0.445370000000 0.131448000000 0.112496000000 0.115675000000 
0.574950000000 0.049930800000 0.041240400000 0.044750500000 
0.734497000000 0.019218900000 0.014710000000 0.016293200000 
0.464653000000 0.077030600000 0.066227100000 0.069738900000 
0.946772000000 0.000299185000 0.000086832300 0.000170625000 
0.031393100000 0.326154000000 0.298587000000 0.248577000000 
0.008690830000 0.424257000000 0.389154000000 0.363645000000 
0.015400400000 0.352466000000 0.324568000000 0.282132000000 
0.379817000000 0.155507000000 0.127735000000 0.129467000000 
0.011899900000 0.383170000000 0.353049000000 0.314712000000 
0.445370000000 0.131448000000 0.112496000000 0.115675000000 
0.734497000000 0.019218900000 0.014710000000 0.016293200000 
0.540216000000 0.048297100000 0.040523000000 0.040258300000 
0.464653000000 0.077030600000 0.066227100000 0.069738900000 
0.946772000000 0.000299185000 0.000086832300 0.000170625000 
0.031393100000 0.326154000000 0.298587000000 0.248577000000 
0.008690830000 0.424257000000 0.389154000000 0.363645000000 
0.015400400000 0.352466000000 0.324568000000 0.282132000000 
0.379817000000 0.155507000000 0.127735000000 0.129467000000 
0.011899900000 0.383170000000 0.353049000000 0.314712000000 
0.445370000000 0.131448000000 0.112496000000 0.115675000000 
0.724023000000 0.019359600000 0.015694200000 0.016766900000 
0.556804000000 0.048112200000 0.040626100000 0.041193400000 
0.464653000000 0.077030600000 0.066227100000 0.069738900000 
0.946772000000 0.000299185000 0.000086832300 0.000170625000 
0.031393100000 0.326154000000 0.298587000000 0.248577000000 
0.008690830000 0.424257000000 0.389154000000 0.363645000000 
0.015400400000 0.352466000000 0.324568000000 0.282132000000 
0.379817000000 0.155507000000 0.127735000000 0.129467000000 
0.011899900000 0.383170000000 0.353049000000 0.314712000000 
0.445370000000 0.131448000000 0.112496000000 0.115675000000 
0.556804000000 0.048112200000 0.040626100000 0.041193400000 
0.704884000000 0.017830800000 0.014570600000 0.015485700000 
0.464653000000 0.077030600000 0.066227100000 0.069738900000 
0.946772000000 0.000299185000 0.000086832300 0.000170625000 
0.031393100000 0.326154000000 0.298587000000 0.248577000000 
0.008690830000 0.424257000000 0.389154000000 0.363645000000 
0.015400400000 0.352466000000 0.324568000000 0.282132000000 
0.379817000000 0.155507000000 0.127735000000 0.129467000000 
0.011899900000 0.383170000000 0.353049000000 0.314712000000 
0.445370000000 0.131448000000 0.112496000000 0.115675000000 
0.556804000000 0.048112200000 0.040626100000 0.041193400000 
0.704884000000 0.017830800000 0.014570600000 0.015485700000 
0.464653000000 0.077030600000 0.066227100000 0.069738900000 
0.946772000000 0.000299185000 0.000086832300 0.000170625000 
0.031393100000 0.326154000000 0.298587000000 0.248577000000 
0.008690830000 0.424257000000 0.389154000000 0.363645000000 
0.015400400000 0.352466000000 0.324568000000 0.282132000000 
0.379817000000 0.155507000000 0.127735000000 0.129467000000 
0.011899900000 0.383170000000 0.353049000000 0.314712000000 
0.445370000000 0.131448000000 0.112496000000 0.115675000000 
0.556804000000 0.048112200000 0.040626100000 0.041193400000 
0.710536000000 0.017300200000 0.014024800000 0.015005000000 
0.464653000000 0.077030600000 0.066227100000 0.069738900000 
0.946772000000 0.000299185000 0.000086832300 0.000170625000 
0.403917000000 0.136034000000 0.115278000000 0.118102000000 
0.031393100000 0.326154000000 0.298587000000 0.248577000000 
0.565509000000 0.049600700000 0.043943800000 0.044862700000 
0.008690830000 0.424257000000 0.389154000000 0.363645000000 
0.020029100000 0.374269000000 0.342089000000 0.303715000000 
0.441807000000 0.133171000000 0.116674000000 0.118146000000 
0.635783000000 0.024776700000 0.020681200000 0.020720400000 
0.776953000000 0.007999140000 0.006706780000 0.007058860000 
0.464653000000 0.077030600000 0.066227100000 0.069738900000 
0.946772000000 0.000299185000 0.000086832300 0.000170625000 
0.031393100000 0.326154000000 0.298587000000 0.248577000000 
0.008690830000 0.424257000000 0.389154000000 0.363645000000 
0.015400400000 0.352466000000 0.324568000000 0.282132000000 
0.379817000000 0.155507000000 0.127735000000 0.129467000000 
0.011899900000 0.383170000000 0.353049000000 0.314712000000 
0.445370000000 0.131448000000 0.112496000000 0.115675000000 
0.710536000000 0.017300200000 0.014024800000 0.015005000000 
0.573464000000 0.047088100000 0.039630100000 0.041116500000 
0.464653000000 0.077030600000 0.066227100000 0.069738900000 
0.946772000000 0.000299185000 0.000086832300 0.000170625000 
0.031393100000 0.326154000000 0.298587000000 0.248577000000 
0.008690830000 0.424257000000 0.389154000000 0.363645000000 
0.015400400000 0.352466000000 0.324568000000 0.282132000000 
0.379817000000 0.155507000000 0.127735000000 0.129467000000 
0.011899900000 0.383170000000 0.353049000000 0.314712000000 
0.445370000000 0.131448000000 0.112496000000 0.115675000000 
0.765241000000 0.013323300000 0.010807000000 0.011327900000 
0.589308000000 0.051029400000 0.043839100000 0.046096200000 
0.464653000000 0.077030600000 0.066227100000 0.069738900000 
0.946772000000 0.000299185000 0.000086832300 0.000170625000 
0.031393100000 0.326154000000 0.298587000000 0.248577000000 
0.008690830000 0.424257000000 0.389154000000 0.363645000000 
0.015400400000 0.352466000000 0.324568000000 0.282132000000 
0.379817000000 0.155507000000 0.127735000000 0.129467000000 
0.011899900000 0.383170000000 0.353049000000 0.314712000000 
0.445370000000 0.131448000000 0.112496000000 0.115675000000 
0.735581000000 0.020126900000 0.016481000000 0.016977900000 
0.592279000000 0.048437900000 0.041410600000 0.043701700000 
0.464653000000 0.077030600000 0.066227100000 0.069738900000 
0.946772000000 0.000299185000 0.000086832300 0.000170625000 
0.031393100000 0.326154000000 0.298587000000 0.248577000000 
0.008690830000 0.424257000000 0.389154000000 0.363645000000 
0.015400400000 0.352466000000 0.324568000000 0.282132000000 
0.379817000000 0.155507000000 0.127735000000 0.129467000000 
0.011899900000 0.383170000000 0.353049000000 0.314712000000 
0.445370000000 0.131448000000 0.112496000000 0.115675000000 
0.735581000000 0.020126900000 0.016481000000 0.016977900000 
0.592279000000 0.048437900000 0.041410600000 0.043701700000 
0.464653000000 0.077030600000 0.066227100000 0.069738900000 
0.946772000000 0.000299185000 0.000086832300 0.000170625000 
0.031393100000 0.326154000000 0.298587000000 0.248577000000 
0.008690830000 0.424257000000 0.389154000000 0.363645000000 
0.015400400000 0.352466000000 0.324568000000 0.282132000000 
0.379817000000 0.155507000000 0.127735000000 0.129467000000 
0.011899900000 0.383170000000 0.353049000000 0.314712000000 
0.445370000000 0.131448000000 0.112496000000 0.115675000000 
0.592279000000 0.048437900000 0.041410600000 0.043701700000 
0.711925000000 0.015177800000 0.012499000000 0.012767300000 
0.464653000000 0.077030600000 0.066227100000 0.069738900000 
0.946772000000 0.000299185000 0.000086832300 0.000170625000 
0.031393100000 0.326154000000 0.298587000000 0.248577000000 
0.008690830000 0.424257000000 0.389154000000 0.363645000000 
0.015400400000 0.352466000000 0.324568000000 0.282132000000 
0.379817000000 0.155507000000 0.127735000000 0.129467000000 
0.011899900000 0.383170000000 0.353049000000 0.314712000000 
0.445370000000 0.131448000000 0.112496000000 0.115675000000 
0.592279000000 0.048437900000 0.041410600000 0.043701700000 
0.711925000000 0.015177800000 0.012499000000 0.012767300000 
0.464653000000 0.077030600000 0.066227100000 0.069738900000 
0.946772000000 0.000299185000 0.000086832300 0.000170625000 
0.031393100000 0.326154000000 0.298587000000 0.248577000000 
0.008690830000 0.424257000000 0.389154000000 0.363645000000 
0.015400400000 0.352466000000 0.324568000000 0.282132000000 
0.379817000000 0.155507000000 0.127735000000 0.129467000000 
0.011899900000 0.383170000000 0.353049000000 0.314712000000 
0.445370000000 0.131448000000 0.112496000000 0.115675000000 
0.711925000000 0.015177800000 0.012499000000 0.012767300000 
0.553360000000 0.041235000000 0.034758600000 0.034004700000 
0.464653000000 0.077030600000 0.066227100000 0.069738900000 
0.946772000000 0.000299185000 0.000086832300 0.000170625000 
0.031393100000 0.326154000000 0.298587000000 0.248577000000 
0.008690830000 0.424257000000 0.389154000000 0.363645000000 
0.015400400000 0.352466000000 0.324568000000 0.282132000000 
0.379817000000 0.155507000000 0.127735000000 0.129467000000 
0.011899900000 0.383170000000 0.353049000000 0.314712000000 
0.445370000000 0.131448000000 0.112496000000 0.115675000000 
0.711925000000 0.015177800000 0.012499000000 0.012767300000 
0.553360000000 0.041235000000 0.034758600000 0.034004700000 
0.464653000000 0.077030600000 0.066227100000 0.069738900000 
0.946772000000 0.000299185000 0.000086832300 0.000170625000 
0.031393100000 0.326154000000 0.298587000000 0.248577000000 
0.008690830000 0.424257000000 0.389154000000 0.363645000000 
0.015400400000 0.352466000000 0.324568000000 0.282132000000 
0.379817000000 0.155507000000 0.127735000000 0.129467000000 
0.011899900000 0.383170000000 0.353049000000 0.314712000000 
0.445370000000 0.131448000000 0.112496000000 0.115675000000 
0.711925000000 0.015177800000 0.012499000000 0.012767300000 
0.552453000000 0.041947500000 0.035364600000 0.034535800000 
0.464653000000 0.077030600000 0.066227100000 0.069738900000 
0.946772000000 0.000299185000 0.000086832300 0.000170625000 
0.031393100000 0.326154000000 0.298587000000 0.248577000000 
0.008690830000 0.424257000000 0.389154000000 0.363645000000 
0.015400400000 0.352466000000 0.324568000000 0.282132000000 
0.379817000000 0.155507000000 0.127735000000 0.129467000000 
0.011899900000 0.383170000000 0.353049000000 0.314712000000 
0.445370000000 0.131448000000 0.112496000000 0.115675000000 
0.711925000000 0.015177800000 0.012499000000 0.012767300000 
0.552453000000 0.041947500000 0.035364600000 0.034535800000 
0.464653000000 0.077030600000 0.066227100000 0.069738900000 
0.946772000000 0.000299185000 0.000086832300 0.000170625000 
0.403917000000 0.136034000000 0.115278000000 0.118102000000 
0.031393100000 0.326154000000 0.298587000000 0.248577000000 
0.008690830000 0.424257000000 0.389154000000 0.363645000000 
0.020029100000 0.374269000000 0.342089000000 0.303715000000 
0.441807000000 0.133171000000 0.116674000000 0.118146000000 
0.635783000000 0.024776700000 0.020681200000 0.020720400000 
0.804572000000 0.010055100000 0.007393850000 0.008125540000 
0.538668000000 0.045112800000 0.037849400000 0.037088000000 
0.464653000000 0.077030600000 0.066227100000 0.069738900000 
0.946772000000 0.000299185000 0.000086832300 0.000170625000 
0.031393100000 0.326154000000 0.298587000000 0.248577000000 
0.008690830000 0.424257000000 0.389154000000 0.363645000000 
0.015400400000 0.352466000000 0.324568000000 0.282132000000 
0.379817000000 0.155507000000 0.127735000000 0.129467000000 
0.011899900000 0.383170000000 0.353049000000 0.314712000000 
0.445370000000 0.131448000000 0.112496000000 0.115675000000 
0.711925000000 0.015177800000 0.012499000000 0.012767300000 
0.552453000000 0.041947500000 0.035364600000 0.034535800000 
0.464653000000 0.077030600000 0.066227100000 0.069738900000 
0.946772000000 0.000299185000 0.000086832300 0.000170625000 
0.031393100000 0.326154000000 0.298587000000 0.248577000000 
0.008690830000 0.424257000000 0.389154000000 0.363645000000 
0.015400400000 0.352466000000 0.324568000000 0.282132000000 
0.379817000000 0.155507000000 0.127735000000 0.129467000000 
0.011899900000 0.383170000000 0.353049000000 0.314712000000 
0.445370000000 0.131448000000 0.112496000000 0.115675000000 
0.594465000000 0.041242000000 0.034647000000 0.035557600000 
0.728244000000 0.013963900000 0.011478400000 0.011774100000 
0.464653000000 0.077030600000 0.066227100000 0.069738900000 
0.946772000000 0.000299185000 0.000086832300 0.000170625000 
0.031393100000 0.326154000000 0.298587000000 0.248577000000 
0.008690830000 0.424257000000 0.389154000000 0.363645000000 
0.015400400000 0.352466000000 0.324568000000 0.282132000000 
0.379817000000 0.155507000000 0.127735000000 0.129467000000 
0.011899900000 0.383170000000 0.353049000000 0.314712000000 
0.445370000000 0.131448000000 0.112496000000 0.115675000000 
0.584245000000 0.044694100000 0.037615200000 0.039524900000 
0.719413000000 0.016422800000 0.013258400000 0.014365800000 
0.464653000000 0.077030600000 0.066227100000 0.069738900000 
0.946772000000 0.000299185000 0.000086832300 0.000170625000 
0.031393100000 0.326154000000 0.298587000000 0.248577000000 
0.008690830000 0.424257000000 0.389154000000 0.363645000000 
0.015400400000 0.352466000000 0.324568000000 0.282132000000 
0.379817000000 0.155507000000 0.127735000000 0.129467000000 
0.011899900000 0.383170000000 0.353049000000 0.314712000000 
0.445370000000 0.131448000000 0.112496000000 0.115675000000 
0.584245000000 0.044694100000 0.037615200000 0.039524900000 
0.711925000000 0.015177800000 0.012499000000 0.012767300000 
0.464653000000 0.077030600000 0.066227100000 0.069738900000 
0.946772000000 0.000299185000 0.000086832300 0.000170625000 
0.031393100000 0.326154000000 0.298587000000 0.248577000000 
0.008690830000 0.424257000000 0.389154000000 0.363645000000 
0.015400400000 0.352466000000 0.324568000000 0.282132000000 
0.379817000000 0.155507000000 0.127735000000 0.129467000000 
0.011899900000 0.383170000000 0.353049000000 0.314712000000 
0.445370000000 0.131448000000 0.112496000000 0.115675000000 
0.711925000000 0.015177800000 0.012499000000 0.012767300000 
0.552453000000 0.041947500000 0.035364600000 0.034535800000 
0.464653000000 0.077030600000 0.066227100000 0.069738900000 
0.946772000000 0.000299185000 0.000086832300 0.000170625000 
0.031393100000 0.326154000000 0.298587000000 0.248577000000 
0.008690830000 0.424257000000 0.389154000000 0.363645000000 
0.015400400000 0.352466000000 0.324568000000 0.282132000000 
0.379817000000 0.155507000000 0.127735000000 0.129467000000 
0.011899900000 0.383170000000 0.353049000000 0.314712000000 
0.445370000000 0.131448000000 0.112496000000 0.115675000000 
0.711925000000 0.015177800000 0.012499000000 0.012767300000 
0.552453000000 0.041947500000 0.035364600000 0.034535800000 
0.464653000000 0.077030600000 0.066227100000 0.069738900000 
0.946772000000 0.000299185000 0.000086832300 0.000170625000 
0.031393100000 0.326154000000 0.298587000000 0.248577000000 
0.008690830000 0.424257000000 0.389154000000 0.363645000000 
0.015400400000 0.352466000000 0.324568000000 0.282132000000 
0.379817000000 0.155507000000 0.127735000000 0.129467000000 
0.011899900000 0.383170000000 0.353049000000 0.314712000000 
0.445370000000 0.131448000000 0.112496000000 0.115675000000 
0.711925000000 0.015177800000 0.012499000000 0.012767300000 
0.552453000000 0.041947500000 0.035364600000 0.034535800000 
0.464653000000 0.077030600000 0.066227100000 0.069738900000 
0.946772000000 0.000299185000 0.000086832300 0.000170625000 
0.031393100000 0.326154000000 0.298587000000 0.248577000000 
0.008690830000 0.424257000000 0.389154000000 0.363645000000 
0.015400400000 0.352466000000 0.324568000000 0.282132000000 
0.379817000000 0.155507000000 0.127735000000 0.129467000000 
0.011899900000 0.383170000000 0.353049000000 0.314712000000 
0.445370000000 0.131448000000 0.112496000000 0.115675000000 
0.711925000000 0.015177800000 0.012499000000 0.012767300000 
0.552453000000 0.041947500000 0.035364600000 0.034535800000 
0.464653000000 0.077030600000 0.066227100000 0.069738900000 
0.946772000000 0.000299185000 0.000086832300 0.000170625000 
0.031393100000 0.326154000000 0.298587000000 0.248577000000 
0.008690830000 0.424257000000 0.389154000000 0.363645000000 
0.015400400000 0.352466000000 0.324568000000 0.282132000000 
0.379817000000 0.155507000000 0.127735000000 0.129467000000 
0.011899900000 0.383170000000 0.353049000000 0.314712000000 
0.445370000000 0.131448000000 0.112496000000 0.115675000000 
0.711925000000 0.015177800000 0.012499000000 0.012767300000 
0.552453000000 0.041947500000 0.035364600000 0.034535800000 
0.464653000000 0.077030600000 0.066227100000 0.069738900000 
0.946772000000 0.000299185000 0.000086832300 0.000170625000 
0.031393100000 0.326154000000 0.298587000000 0.248577000000 
0.008690830000 0.424257000000 0.389154000000 0.363645000000 
0.015400400000 0.352466000000 0.324568000000 0.282132000000 
0.379817000000 0.155507000000 0.127735000000 0.129467000000 
0.011899900000 0.383170000000 0.353049000000 0.314712000000 
0.445370000000 0.131448000000 0.112496000000 0.115675000000 
0.711925000000 0.015177800000 0.012499000000 0.012767300000 
0.552453000000 0.041947500000 0.035364600000 0.034535800000 
