24.965011554477545 2.0 0.0 
8.496227789641878 2.8474659719862814 0.5761794235314304 
2.0 2.8314606560300977 1.0 
2.239494898484685 3.5896947540002064 0.5609370843054504 
2.0 2.63791251675421 0.39106744810095023 
2.0 2.0 0.0 
2.018542760589753 2.0 0.03321391549574592 
2.366336028636665 5.95 0.03501524016970859 
42.215646832511226 3.031720872936117 0.5 
5.894118406237908 2.5303921498353104 0.0 
12.484664654732368 3.003826771124066 0.19523652078340492 
2.3646486560582 6.100326250973952 0.0 
2.536619713511861 2.712705438086541 1.0 
2.0 3.32938509274255 0.02130091950187911 
3.505735674564598 2.0 0.0 
2.7132733616617566 2.0 0.09179952450441961 
8.113538153976426 3.1724582325177875 0.015735264034872937 
2.0 8.846937998857715 0.0 
4.495334262035151 2.0 0.01773274297102123 
11.114981765952315 2.0 0.0 
2.0419234479765827 2.81062481490139 0.5917995245044196 
3.4983265092073577 2.0 0.0 
2.0 6.954302836697202 0.0 
2.5856275397187325 2.827241651944575 0.8563340238907755 
9.918526931373416 2.946185172644123 0.6427434506264064 
24.278066540659033 2.60152351414126 0.033176480520744026 
2.0 3.3452134266134927 0.5315693446494718 
2.357391227086779 4.1987428277473935 0.5324714553649548 
15.644383226688095 3.016078788156922 0.3846524857364731 
2.1127423497479083 2.744818602601275 0.25375687487002113 
8.257455634629235 2.75749882586692 1.0 
2.0 2.882037370665317 0.9289484234140691 
2.0 3.5912722053735457 0.3893539880802933 
2.006617255274598 3.678463765184127 0.7108415417261962 
2.0 3.4150044404975786 0.6101949060502831 
3.66837011142077 3.1146910328377913 0.2021155266622769 
2.0 10.42898837717618 0.0 
5.847708181497374 2.6918150545604558 0.7381792154454347 
2.0 2.6650661351764153 0.16924879952914637 
2.0 3.444704765908033 0.2630769554730412 
2.0 3.922480730526445 0.2734527404583893 
2.0 5.339199075170276 0.3005421168877289 
5.081255620520489 2.8441117456235108 0.5 
5.284251910168669 2.754625037766822 0.6741883937325954 
2.866448312056437 2.8477027529196133 0.5613822407031048 
4.588851450341673 2.0 0.0 
3.0180300532756847 2.974351837731734 0.9209642433790287 
2.0 3.2320976804138293 0.650238925409033 
2.7578664958432704 2.7035901502644597 0.6769792498780255 
2.520521382138133 3.944182659578323 0.5843636921230393 
36.33580739638882 4.414029558208851 0.5 
2.0 3.7481926679470945 0.6359567106162178 
9.240371968999039 3.215920144100729 0.0 
2.0 3.9320864389357433 0.835578083173268 
5.975897262913361 2.6543249023001465 0.916591459697974 
2.0 4.481930924519997 0.7563831014020621 
11.76715727455506 2.5379539145300654 0.75801511195159 
