37.75711084252421 4.141382739158336 0.8010944223798017 
60.05719623381738 3.08511125593165 0.8761692063276145 
3.36203725703254 2.0 0.1294796578808733 
24.73774252477326 5.942647612427537 0.6577989022575216 
2.0 2.0 0.0 
14.136189253754491 2.0 1.0 
2.0 2.0 0.7324867260972745 
17.940620714481852 2.0 0.5 
20.463636080127863 3.283126872019208 0.0 
6.97127213016373 2.0 0.0 
2.0 2.008150382028883 0.0473601222630989 
2.0 2.0327169961669145 0.7601543910670896 
11.890620714481852 2.237207805156161 0.45 
2.6698454192325793 2.0 0.0 
4.0229153665249875 2.0451746771219432 0.9001185299555483 
5.920448973695951 2.0 0.0 
15.16180267828642 2.0386730929013623 0.49158189197551627 
2.6504002253630943 2.523200625592904 0.5942232734634693 
2.648441398080016 2.018317604692366 0.4833635551360082 
23.909778201205526 2.0 0.987688834153881 
11.335721763350161 2.289189732629747 0.95 
8.848236852102135 2.320867145526991 0.5536942451847173 
11.49117702334988 2.0058069537074203 0.0 
3.7150957739468446 2.2157278262370395 0.09663652578714585 
2.0 2.0 0.7184500935157271 
13.822929807736022 2.3519236063518876 0.6360745381305424 
2.272770771582034 3.232228235433806 0.07110825852278992 
11.185546144353633 2.0 1.0 
2.0 2.1916471785741667 0.9235396344830324 
7.206183577973276 2.04555576621772 0.21845009351572708 
2.0 3.4202105508383753 0.10227186819748732 
2.034170653258265 2.156221002322094 0.8495085215026279 
3.617855601383053 2.0 0.787465267336614 
3.277104257990194 2.105590798213237 0.43111294323488997 
3.0259429232209403 2.576649125138376 0.3971532765876815 
3.12610199586126 2.356929834528936 0.8100662905273239 
2.7984378093715065 2.0 0.21271852244921835 
16.590931806017284 2.1331175169292633 0.8196480185712484 
10.153165694912389 2.161401819211263 0.6307430424250846 
6.116721616390541 2.0 0.8294107147984954 
5.881840649901356 2.004139044813555 0.18930738706018904 
7.158625663488019 3.1586343181607255 0.0 
13.419245857092141 2.66333616521258 0.0 
18.19230021548367 2.495850879133274 0.7358194989265092 
2.6109979498104785 2.0427223431358885 0.7512265879621149 
7.812887203528955 2.00102364726348 0.4020978461536333 
10.897766260429883 2.1667344105222215 0.35070979525897417 
2.720801420286682 2.3891451510333046 0.6854065034392642 
22.719302125471458 3.319283919211148 0.0 
3.298168471966739 2.5094232482657577 0.6692906075608167 
3.6390316482804614 2.0 0.276654009098699 
4.621237926320808 2.0243838170832733 0.21883413257065543 
5.013314493534367 2.058982128125868 0.0 
3.047699371850049 3.1491708661803504 0.7643222767863722 
5.691502847963507 2.0 0.6792056599221912 
3.4083079278215926 2.0 0.08885723234885645 
5.996619785261574 2.0 0.9155778786234194 
6.105072040528268 2.0 0.7523266488097805 
3.0104980104435977 2.5240777927164118 0.7939720372758879 
4.430970921016386 2.3746530706125304 0.8527999773851589 
3.225978799675726 2.0 0.3150912331005867 
11.149071659087895 2.5222555206099884 0.0 
