2.0 2.0 0.0 
4.682416628918773 2.0 0.0 
2.0 2.0 0.01816544412986887 
2.0 3.9504059886210445 0.0 
6.799210701970779 2.0 0.0 
46.16506462550589 2.820885950690495 0.7434477149774619 
39.67935473483576 3.5591867453239567 0.6017417904421574 
7.8999704987278 2.0 0.0 
2.0 4.1776702162103945 0.10847607456736619 
9.498291171475698 2.0 0.0 
2.322213189117158 3.021558818284473 0.5000700647573053 
2.495599826586038 3.1644752147307935 0.0 
5.783926575109575 2.0 0.0 
2.7070968840012095 3.1784562008045305 0.05 
2.0 2.532068556202007 0.016073842362474496 
2.0 3.5471354680251963 0.32882978613716884 
2.0 2.505636011657954 0.3726775801159842 
2.4921541920781882 5.966907011062659 0.5 
11.842760282815192 3.0972538588277794 0.0 
2.0 5.947592134840072 0.20961672780532942 
2.0 2.6289904887608366 0.936961647426948 
2.0 2.9402092453957533 0.41594246191572826 
2.0 2.8404487857666805 0.6633800231957454 
14.628212626594376 3.425717473795442 0.0 
4.994065502449148 2.524997493257308 0.0 
2.440495221246829 3.404171463472483 0.6095058353101916 
2.0 2.7029325148367516 0.685490142427394 
2.0 3.0327451723309293 0.17395885275518097 
2.011850553941663 2.5926905050652564 0.3022582905500438 
2.0 3.2438720729850816 0.2096062198417513 
2.0 2.0 0.10114934887936995 
2.0 4.317874677568333 0.39058755299978765 
2.274115254392793 2.914084995908838 0.8621313943368011 
2.0 2.0 0.15693586156120856 
2.0 3.0677509855460494 1.0 
2.4588802008155155 2.6327689777997074 0.4097040189445988 
2.0 4.948075332932838 0.0 
2.05675685015229 2.873754036584506 0.7526686269930252 
2.0 2.738954270811379 0.22777354596763416 
2.4891175507644534 2.976449238560369 0.46696494131931054 
2.0 3.022931116443048 0.9744259077232246 
2.98899514312249 2.6779980965619816 0.11667572018492206 
2.0 3.2499635454639564 0.5287915208143287 
2.2405452182479992 2.9927663932461224 0.7190328299954152 
2.0 2.7199324681858164 0.5829884116918445 
2.2300464004684875 2.8246353036386243 0.8201778541264855 
2.0 3.106936244595026 0.8982796878557933 
7.922526459086666 3.29655845816416 0.0 
16.619147680998864 3.4462899884183464 0.0 
22.61858200851938 2.7606955981234 0.0 
21.814105145004028 2.7681479896126793 0.0 
2.0 3.9300118501628707 0.285944754619158 
