2.0 2.0 0.0 
2.0 2.0 0.008971178181479966 
2.0 4.186809259920548 0.6856728396231752 
48.23103758096174 3.4050093155462733 0.5 
40.901428728998965 3.71185152094576 0.2260623035621096 
23.713238889510905 3.0813693573673646 0.5599284485352176 
2.059599883537979 3.8965003975957413 0.600853602864491 
2.0 3.5621012730514847 0.5424380085791106 
4.957550059214476 2.0 0.0 
15.70326153755207 3.0012938885033402 0.16486764734326947 
12.447143878005628 2.6717878115479943 0.20906015964457977 
11.397251764563824 2.0 0.0 
10.19893152539159 2.885758752862287 0.5755286211239904 
3.399501635404736 4.018055494012659 0.2709236280540528 
2.0 2.576461219924417 1.0 
3.7375967045986958 2.0 0.0 
4.881962289640468 3.4718463491964293 0.5668584975492879 
3.935047870935905 3.1002058021359913 0.2058186464087104 
2.0 4.046606359531243 0.6245085042806402 
2.852069542697734 2.0 0.0 
2.0 6.029411844580651 0.0 
2.7336608782981027 2.7642069116255663 0.7041886722209438 
2.2389784033205835 3.3527214982580307 0.6337791709556452 
5.107782435248492 3.2577794183755624 0.7174783570017227 
2.0 6.0845596389529994 0.054936584643592246 
4.705050970667764 3.490917496540507 0.5431682232877637 
2.031701396750833 3.947496102862067 0.29905424469792774 
2.0 2.60022237726737 0.9019957916197184 
2.5365453596391214 4.366224883223737 0.5306686003704026 
2.128084021143195 3.384364132180183 0.1837510079885179 
2.0 3.9550366308761293 0.35895565477081615 
26.746768905799918 2.0 0.0 
10.558011005809574 3.018359552944812 0.0 
2.0 4.3391935473663885 0.7380955232052311 
8.494759518151614 2.8171785748389824 0.06262598988938739 
2.0 4.009988398338205 0.7913825964008696 
4.323681266567638 2.2261015024921 0.029941512275670996 
2.0 2.8331485723618113 0.03643775567997576 
2.0 3.0428594245676357 0.39903446378531454 
2.3624374072229464 2.8755378460741676 0.6727272875956811 
2.0 9.135727834100166 0.0 
7.995764486691878 3.010642647558023 0.5374071036825802 
2.0 3.4024840674865535 0.5342706517210487 
2.0 10.192699208674778 0.0 
2.0 2.6612502636451634 0.2654170807756745 
2.0 2.8228762604650766 0.24413790527324297 
3.325415116128965 3.1025718604975427 0.8563079525202485 
3.333935221828629 2.880181942945498 0.7983830639898983 
3.310583642504561 2.0 0.10931796517512404 
3.1722541973984373 2.662592897879616 0.9599644386444366 
2.0 4.255702277369013 0.8423820976095977 
8.588551167538803 2.7119069878410933 0.0 
6.02994662222399 3.363151979734761 0.0 
