59.62041196243757 2.9311673621000764 0.3170713278215306 
14.4754688802308 2.0 0.5415365334203552 
37.68081159681214 3.677449293663379 0.6408074508830112 
2.0 2.0 0.0 
12.6311006354331 2.45057920016463 0.8780076982589837 
10.66895330706452 2.0 0.8380715332750419 
2.0 2.0 0.026262376511803742 
7.460520888495099 2.114480692487314 0.19322340522428022 
6.508561316307903 3.003993715256987 0.0 
15.171871361006808 2.0765602008831348 0.5107884135265014 
5.662709144099299 2.0 0.9437302794478223 
2.0 3.0623502599559433 0.0026410571129611964 
2.0 2.0 0.7675376204326879 
2.7663052833672914 2.0 0.0 
23.458231569602667 2.0 1.0 
4.261409355907656 2.0 0.014021836063605546 
3.4104159647028696 2.0 0.7189663224910572 
3.1548202373023693 2.2970779224831377 0.30321893027729996 
2.0142991516839013 2.4616194495330945 0.9236879648683074 
5.142333498250537 2.0 0.0 
7.655189588103837 2.0 0.32383394712517366 
2.0 2.0 0.7462244945545076 
6.003099634001705 2.0 0.0 
2.5042029031702553 2.4770433415557322 0.6960429108942059 
9.310825531154867 2.006371647208205 0.5075321617267041 
2.331360500030039 2.0 0.7129310842265418 
3.1598662454781046 2.0 0.7950678522681306 
2.0 2.2095443763769236 0.8308968394748532 
10.99179849321595 2.0 0.0 
4.232932273597015 2.0 0.8597109655303209 
3.3076130991108053 2.0 0.08211396513637806 
17.584844746778693 2.0 0.6430983480983605 
13.418594145403905 2.7406933813647645 0.0 
5.961855336026009 2.0 0.7359860162432864 
11.862206231223087 2.0799975486196054 0.5263407884844749 
3.5910092090587096 2.0 0.8307777245230346 
5.591703416989823 2.0291341979665956 0.18905325400368206 
5.513338040912753 2.0 0.7473465749243853 
2.670631393168581 2.2518946538195053 0.4669243107246527 
3.0798765666753836 2.6999619761230513 0.8132903292771556 
2.9975094822550625 2.675096823520262 0.5639465517226457 
6.029435481118967 2.0459304562620075 0.8863423509040875 
25.964955500848205 6.087254680516119 0.043038966804268206 
2.261632005626698 3.2957618431702 0.1008514383596183 
10.049876579027726 2.3427247035516845 0.6800251591596304 
5.175116352948041 2.0059114575893986 0.2035449501860283 
3.099688808757864 2.2666047919190047 0.1274731789230501 
3.1469508644821627 2.117981921461316 0.20935640362956465 
5.02449831524614 3.069123761673236 0.8815246625055042 
13.558814563663432 2.0 1.0 
4.434418622402698 3.085851776745842 0.4345252050180457 
16.711808072768164 2.000988582052415 0.7874420158729232 
10.842893733749321 2.0 0.33999845331141043 
4.014021028526974 2.2779719572615225 0.2802664433921872 
7.221148190761912 2.0 0.0 
18.29191637990817 2.0804928655327903 0.7984140341024233 
3.316021624764354 2.751373871866915 0.6243177304648929 
10.63990939024162 2.0 1.0 
22.79634888681128 3.313396893587944 0.0 
3.760930743507969 2.288238986187507 0.8033023879454477 
2.6732309035738275 2.5741434159697536 0.7370736471026402 
