38.94402316047422 3.5201251665554945 0.6237257509196341 
55.88494403885177 2.9770059158073963 0.1400915718267377 
13.538207973573286 2.0 0.5529095764141967 
25.987616794685536 6.322413857780489 0.5 
14.681298947053012 2.3909632139270176 0.49776337568695944 
2.0 2.0 0.7450291096990551 
24.176018255907707 2.1353144175537713 0.8630071673479716 
17.520288988298145 2.0 0.593959907269062 
16.542159146163442 2.0330599254541597 0.6728971753720207 
2.0 2.0 0.0 
3.5970160994626084 2.1046134722595227 0.8393825605759067 
2.0 2.6616295693972285 0.08232036760892864 
3.0638529866281545 2.0 0.7914005447695114 
2.0 2.1356097235819003 0.907811832255873 
2.178156565473854 2.7544142209854936 0.05561427731869346 
2.7445586878314163 2.0 0.08678661749124422 
2.0 2.0 0.6835712254547558 
10.828038108653608 2.0 1.0 
23.564687264144567 3.135446823596995 0.0 
3.3553215029191685 2.083758414836838 0.7359988420964144 
5.801120638216899 2.1082250904798343 0.94936908832086 
3.6152027587414164 2.2888761347802955 0.259702033354579 
2.0 2.0 0.7253185262341146 
14.486866824607798 2.0 1.0 
12.010010216977749 2.431667265091583 0.4792331786552472 
7.134231629809584 2.0 0.1868889798823395 
5.4926356322612095 2.0449512528434446 0.22846202614989314 
2.0 2.0 0.019956584355135587 
2.0 2.0 0.7756019556554693 
5.9597370469897015 2.4329060142141836 0.8904703227191876 
6.299915902728998 2.0 0.0 
11.46737254230036 3.1103653626867085 0.0 
2.8315957607947393 2.0 0.7132385885037036 
17.841966880630416 2.058885408587259 0.6849315074679155 
4.675708390680859 2.0 0.0 
8.252322493192906 2.019535264259739 0.31149714109367493 
2.0 2.0 0.8338654043151912 
9.194846917142797 2.0714864639426844 0.4850704955654863 
10.917882254902358 2.176147411803768 0.0 
4.271763928956367 2.3602165694875215 0.337233459326683 
10.700158155442502 2.401284593933511 0.38256607124427655 
4.312473074416653 2.0 0.0802055611196893 
6.919036651057517 2.7796693180998666 0.0 
3.170006009090393 2.0 0.0 
3.4384135103943687 2.2023867923773865 0.22080311866613092 
5.829934977475659 2.200855447982195 0.8017678547473508 
3.4450271059814153 3.3089645965237433 0.6498240397406232 
5.614252767580773 2.391919958305416 0.1746939626294317 
6.601874518681056 2.0 0.0 
2.5650473826417723 3.019227701866982 0.8265931946396101 
12.898462360762506 2.1112478355200803 0.8365842203161636 
20.09321118130276 3.3958652053915657 0.0 
3.3810348073661407 2.7337646071975867 0.7548765857521155 
3.077873644808789 3.3143018951215164 0.7229287149720076 
3.203804081557636 2.085797588849093 0.46553045561221074 
3.153060795982438 3.0021867736704566 0.560837067621388 
4.384128979882807 2.065738884642102 0.7958459225782077 
13.086848046886042 2.5763234917159172 0.0 
4.289780408990863 2.5603915118698235 0.4425650945903461 
9.569642649858386 2.292121478870718 0.688434309954836 
2.739450595539113 2.0 0.14127519349208478 
4.009477551245807 2.218090341246031 0.8950415085804745 
4.66500786917448 2.6718155943006567 0.8490948794343685 
