38.364935771903454 3.651018775035501 0.40793482200592635 
2.0 2.0 0.0 
2.0 8.900995055623351 0.0 
23.412881487781164 3.4640884219165358 0.46251202233842204 
4.591694543464506 2.0 0.0 
2.0 3.5264538792602913 0.8529257818687264 
2.0 10.223471154970689 0.0 
2.1990124245624485 5.908997053727845 0.0030256345251599066 
2.0 4.27907303076033 0.5794813311617399 
2.0 2.0 0.008439507429640876 
2.0 3.1267613998195576 0.15069356342576362 
2.0 6.488305456109682 0.0 
7.671596797781727 3.318968713034295 0.12795750991519866 
3.597413698911101 2.0 0.010563993205965367 
2.0 2.5174571793709486 0.018356488778961393 
2.0 3.020042096008954 0.6537589498742662 
5.149871307197468 3.2023722068320097 0.4852960669367089 
45.09368774424449 2.909195086891069 0.3653871433748076 
12.035389116782227 2.5303831775747048 0.40138088848207876 
2.0 2.9449396080285153 0.987186663554702 
3.1028304043070847 2.0 0.0 
4.376119654872667 2.0 0.0 
2.3504175383311776 2.6090912399313266 0.2583377858087273 
2.966391371709866 3.3896070777893987 1.0 
2.0 3.231997463401133 0.903423240335292 
2.3799094264459644 3.2091546470507266 0.29211554408710516 
2.0 3.7520405817170044 0.6188152504182515 
2.87077137177711 3.3442657616134084 0.678034302509405 
4.9680731716525175 2.8077524667640157 0.580214984522608 
2.0345119426803686 3.837901831754527 0.5379784341325067 
2.467194464184633 3.5346221705150906 0.7482003736966957 
2.0981408083029742 2.998169301211414 0.5286026443621539 
5.737990347573082 3.4490551558435727 0.898163541149211 
2.0 3.7402706364299467 0.2905670775161554 
11.347716151023754 2.0 0.0 
2.386709619289934 5.147789742546466 0.2790712147992831 
2.036800526268171 3.756989129760854 0.37955576771816124 
2.0 2.522969674046127 0.39059905028212155 
25.71310268032275 2.0 0.0 
5.569074206680151 3.363416766470062 0.7214475879149063 
16.07740815076574 3.237987808216303 0.26141210076062243 
3.066359134420499 4.122341793496909 0.28311973346940544 
4.570072329984179 3.3008040064861124 0.6557455700053686 
10.306737592357425 3.0481446625175534 0.666469877485126 
2.591869606215317 3.9802451930717884 0.5402112394239865 
2.256433062149883 2.600894285899193 0.6008371904824528 
2.583187249462978 2.9671827574538394 0.8545958886700054 
3.3122839979255634 3.014365914084649 0.9338390729575667 
12.047112114334201 2.5299916137996825 0.6923743645591178 
2.0 4.241936967634148 0.7567710475461089 
2.6291829803196474 2.2216885268726614 0.08862807436149084 
10.615684097422236 2.6654816873764546 0.0 
6.043689732540458 3.273141975915024 0.0 
4.256193085884949 2.6293373626506185 0.1706371299603201 
9.232600934385527 3.032162397484007 0.0 
8.372611756588746 3.46201739520464 0.5 
