39.62074052821102 4.2968880931566975 0.7164592197124802 
41.60370614750774 3.325432326040503 0.030188606459372047 
10.858932107823158 2.0 0.0 
7.6342285351840244 2.5216016683390823 0.15969972384501066 
10.56426733519698 2.7200800347771854 0.0 
2.0 2.0 0.0 
4.510571286375924 2.0 0.0 
2.0 3.090496660606848 1.0 
2.2757023156494647 3.531354312966285 0.6323546526001527 
2.0 2.5675665157367122 0.2704290044208575 
2.0 2.0 9.287682599873719E-4 
2.0 6.011908268701563 0.0 
11.860750760860622 2.8468979991252525 0.3261048941781073 
2.0 3.6981025289746867 0.5749915976469684 
10.137064243070654 2.819760332989203 0.7281891033819845 
2.0 4.239397884789953 0.5280276125302256 
3.1958846931081992 3.88765033443543 0.5934368829673156 
11.7118276032487 2.910351572704845 0.7658687950578729 
2.237604624931123 2.826741834266673 0.6055093214265811 
16.2060993294077 3.0578652285203543 0.25704704072742285 
2.0 3.4336677665175355 0.06769149278128798 
6.0635127717904505 2.6574869077092873 0.0 
2.0 10.05563207529946 0.0 
2.1069097318496857 5.733120272711334 0.10080605602427195 
2.0 2.7562986851796296 0.5273856804884677 
3.4435857364068614 2.0 0.0 
22.58073011621235 2.7298543264712016 0.1804032852172843 
2.0 9.320771282781196 0.0 
4.2069181239245355 2.1896156027549543 0.0015191872346315422 
4.44503305041766 2.0 0.0 
5.527088145806031 2.7901706066050607 0.7115362526594999 
8.210869111875137 2.5001584024581054 0.5907214605167026 
2.355295668123981 3.3382265544102014 0.6699229479238574 
3.35577555587434 3.4540117347295 1.0 
2.0 2.997189709702141 0.37859338215191524 
3.4558836793753724 2.2780628514997985 0.08144453437264175 
2.0 2.789084212071238 0.9265922345759969 
4.553958685481938 3.218027725870154 0.65626591925608 
2.0 5.010934297098689 0.2971392992383093 
2.000522329029873 3.7837255894504374 0.3854076286969592 
24.823776258865145 2.0 0.0 
2.0 3.578407970345687 0.8479791427159927 
2.0 3.809432067086742 0.2814295043291579 
2.0 3.252648255657068 0.15280132423033704 
2.9397085985374884 3.297386581306114 0.8438323552807014 
4.9841292751591375 3.2956177124127732 0.5 
2.0 3.6936527373890327 0.7793098597119198 
7.753413403023405 3.4734668840667275 1.0 
2.6368019631594133 3.68151470370578 0.24988490697656185 
3.326368453131935 3.0210692679772166 0.7282362252522411 
2.4508952116234073 3.6932021082601736 0.7224648507927566 
2.0 2.664861857962812 0.23485707066389538 
4.712812788917881 2.9726946821282816 0.5845332452166256 
5.681534290564981 3.318492979241033 0.95 
4.338394998618231 2.878911073982719 0.168398666032112 
8.845477345745172 2.5914716444813632 0.0 
3.2513942728732212 3.4624324278250738 0.9516790148982095 
