17.500795175187278 2.0 0.501992612015653 
35.59878724896144 3.943791341252842 0.8087828651582144 
9.980557848288157 2.0 0.6909457342112624 
2.0 2.0 0.023870090840750036 
3.75424127280014 2.0163518299930034 0.28413800689807345 
23.969909160334048 2.0 0.9446157944466296 
2.0 2.0 0.0 
7.757126640073523 2.0279767127169386 0.32798202121782905 
2.0 2.4817908641956308 0.8781484753076326 
3.46321169790542 2.042350936865072 0.19171747509575743 
9.181359992659203 2.0 0.536209150150092 
2.0 3.114517253607391 0.8707682222870788 
12.620122531462744 2.0 0.9309991870903079 
50.082513771355536 3.3495334809409187 0.5 
24.57482922697331 5.95 0.7103668385591251 
8.897231806625436 2.0 1.0 
10.920774427371647 2.0 0.0 
14.016928375198441 2.0 0.6925008653303767 
13.83014683380956 2.0 1.0 
10.609745204300694 2.107981513595936 0.8659634036364257 
10.650940265991068 2.0 0.9959283032322265 
2.0 3.092454723423292 0.09768647669795283 
16.626822896785683 2.2854050721403634 0.6590142225062624 
3.1900263473889936 2.0 0.893479633983729 
3.4297073784126866 2.273541670405695 0.084729640382009 
14.637031401250423 2.0 0.5286604547662693 
4.171586557608966 2.0308154886032184 0.08581614050893616 
2.0 2.0 0.7149889888421749 
11.874771916445912 2.0 0.58618516903508 
3.480081831083956 2.0 0.83479005473653 
2.0 2.0 0.9192659280544366 
2.0 2.0 0.8359050414480667 
2.0 3.482458296346615 0.05631879461366848 
5.937997514651945 2.0 0.0 
2.0 2.0 0.7680951915376151 
11.142057075577 2.0 0.3102949116280861 
6.350992951960253 2.0 0.7964360195507558 
17.77899492890682 2.0 0.8220011176988157 
2.0432771056424746 2.0108100198424013 0.7417356703983308 
5.957050222466183 2.0 0.9423967332457306 
3.3078393307625404 2.0 0.6926228251563558 
3.222422628763497 2.6611005910550087 0.580649115788591 
11.051385495327578 2.630894890553047 0.0 
2.7835431287848853 2.075092774769785 0.8165184873986532 
4.395906385983356 2.0 0.8334684224561678 
13.267905766644729 2.8720633296043587 0.0 
2.043170931994718 2.7209794262237903 0.8491507675599481 
5.792155952051119 2.0002360550802063 0.7318026985092861 
3.2085726165344073 2.168950525235432 0.0 
6.141493779594164 2.0 0.8319744103282554 
4.592986807817907 2.0 0.0 
7.137200017374466 2.128692388583337 0.0 
3.141137289443728 2.001072700132164 0.46959152126565756 
4.988474359122755 2.4958362925827293 0.23801155497462068 
6.869147637833727 2.7583867563785174 0.0 
6.629188175956623 2.087864937234715 0.24902813170170285 
3.0033958329748778 3.0799212339752975 0.647080561689739 
4.380974112550327 2.8165636719324705 0.4118260604045709 
3.359565664727985 2.190535006793379 0.142974733618781 
22.699478138113378 2.8086790265092216 0.0 
5.763954987267084 2.1254439409206016 0.17423241020499686 
2.9430187590173773 2.8143675529483607 0.7173792002360553 
3.180983105067044 2.200141339755371 0.3196342032004731 
3.7077649423598515 2.0200745347559192 0.8000756677398613 
