13.3003775099332 2.373571596047556 0.8254589809932309 
11.522858835656873 2.0 1.0 
2.0 2.0 1.0 
7.382890416605829 2.0 0.9344457827098875 
2.0 2.0 0.029564375733651282 
15.21520934026092 2.0 0.7445149289919133 
2.0 2.0 0.7162257573767584 
2.0 2.0 0.0 
16.553293911178507 2.0 0.7988051654006119 
12.61165430543042 2.0 0.0 
6.969904901702742 2.0 0.7929885670341561 
26.82273442275036 2.0 0.6736963599955775 
8.544166691881674 2.0 1.0 
9.844783711371235 2.0 0.5 
6.506630997843908 2.0 1.0 
2.0 7.040253677125294 0.06836376026221735 
7.2527438322215545 2.0 0.0 
2.993393432737743 2.161275936073247 0.0 
18.759295913650917 2.0 0.680401515008827 
10.336986115420563 2.029325336913769 0.4589838118681553 
2.0 2.9627750154489387 0.09925107303147024 
2.605 3.48146653928627 0.06483163675993076 
2.0 2.0 0.95 
5.12907446466804 2.0 0.8658741560416781 
4.877219273311751 2.004497132838643 0.2425491588592667 
5.804899262411223 2.0 1.0 
2.204373916763302 2.0 0.2385226637429901 
2.7541060011965577 2.0 0.3675715594218093 
7.565058781620988 2.145208377451925 0.8542343663393588 
2.635732629302801 2.0 0.7472004782835311 
38.56847715954841 2.0 0.0 
6.949667652865673 2.233585888731407 0.19308889621501926 
4.58628535642675 2.028838753264488 0.35436559089432024 
7.458469384098003 2.0 0.5914035240053825 
4.615101018267838 2.0 0.27942158618969354 
2.529144512184671 2.0 0.5209902899602802 
2.0 2.0 0.19404703784418414 
6.531448883171841 2.2644507637866114 0.270381653809211 
3.6661651671184954 2.0185788184714473 0.22829329428258782 
2.0 2.0 0.8639778147128258 
12.591034474822813 2.431770238921746 0.6006788198381878 
20.015427836539864 2.0 1.0 
3.3411962828128656 2.0907366318239267 0.219060133758176 
9.025806225395401 2.395 0.37026080456300137 
6.401277333518424 2.306330043679511 0.0 
5.115720108791227 2.064381174803249 0.4380804947656808 
3.55157543872676 2.0 1.0 
2.2604091667914874 2.0 0.5230284911456916 
8.17146740504356 2.037488864762653 0.635035381190294 
2.0 2.0011189115780046 0.44609906950023415 
7.241533300553558 2.2946858463353275 0.4927804745291631 
3.342850425650375 2.0016303096240877 0.6258626289291043 
3.526214268442872 2.154121452095073 0.0 
33.988761278720304 2.001275695800631 0.09061370893268039 
7.644712893311219 2.620484882505985 0.0 
2.0 2.0 0.16102477396160136 
5.57873176101136 2.0032560763558975 0.3987036424542555 
14.303442873294761 2.408015126152814 0.95 
4.036689580301211 2.6535209983650256 0.289656556372357 
6.006762971880044 2.5417408307350438 0.0 
2.876436973424742 2.0 0.5966469985795168 
11.21649608558658 2.002764043554868 0.0 
8.865779668870836 2.0 0.7114483771431235 
10.125072821801155 2.255930848269014 0.0 
4.953767978801379 2.0 0.0 
4.865903618436086 2.0761342635926834 0.7088046326675497 
2.6285525921670816 2.1755844942626283 0.41487524633331796 
2.0 4.335889754012243 0.22986023016534946 
10.699297353643935 3.1539977814463853 0.0 
7.596802761722261 2.0 0.48533195460822903 
2.68698806640776 2.014018365943911 0.7933407115193822 
2.98903707486149 2.002431996190679 0.5293552484610484 
18.868457051199286 2.0389126128245856 0.9775812728852936 
2.0 9.257710807275236 0.2859182993338665 
2.0 3.028945742022212 0.07174511340671114 
4.280822718530137 2.295186972314662 0.5798531205071207 
5.549296864861668 2.0 0.9616936081805101 
12.661289504288291 3.4100065966406854 0.0 
8.298802869720106 2.2269151639796694 0.7984192227978084 
2.956616977730814 2.0479223187845323 0.9735327421637624 
3.4629761053341808 2.5325557740149907 0.12247754637540452 
2.0 2.0070922363440875 0.5449106814038313 
3.1363509587585505 2.0 0.8896997750084126 
9.47868648375512 3.067941281024172 0.0 
18.10767761379399 2.034373973688443 0.0 
2.599812465049909 2.1120432567869964 0.31435032302154126 
5.573514626731327 2.1335927690292666 0.6296449606343699 
30.74769352379351 2.0 0.30698656330261764 
4.193448916474927 2.2372206116423117 0.3966538288108981 
5.256903894102154 2.0 0.9666546787804344 
8.261308446145474 2.2489586543732636 0.3497005188555607 
2.0 9.953025994530108 0.2601889734969436 
10.418885241251578 3.4372506253907593 0.0 
4.21321982129289 2.2962772086955576 0.2832302313308427 
4.1500220279280535 2.3084208408658857 0.31365562865769253 
10.323934442412913 2.268681004595768 0.900319139719433 
2.9214427279129236 2.462071379852699 0.1367699191577313 
2.0 2.524435154763592 0.15748664953013447 
3.5718060653895156 2.6071756820242724 0.16058806888171723 
2.48400936945548 6.4130253039082925 0.37967951710107245 
