2.0 2.0 0.0 
26.28342947091025 2.0 0.0 
46.20797402375531 2.507490048642957 0.26319569865082626 
2.0 2.5744790155084782 0.07456218490336207 
2.0 2.0854936463746134 0.00318033630555069 
4.3513005565778755 2.0 0.0 
40.4089510185565 3.7197084875777584 0.05 
2.0 3.6271640302515396 0.591126758835873 
8.567436321802711 2.619103109121536 0.0 
11.059910761602659 2.8347933872898454 0.0 
7.8590864331481605 3.064399662061525 0.0994120749715545 
2.0 3.1937676929334886 0.5578753483069303 
3.747260382728151 2.328296472726113 0.024900444789079892 
2.0 3.8199869201796863 0.7230133681287951 
5.117465652802709 2.0 0.0 
24.181166488377357 3.157607490423673 0.0257540362056378 
2.2599725918863536 2.652099327523645 0.23558824381027005 
2.0 4.391614497490329 0.5094925975809546 
9.728270287102665 3.466250951516073 0.5854334834430894 
2.0 2.7320629283606936 0.2645036420876908 
2.7374202354496693 2.0 0.0 
10.980308718829004 2.0 0.0 
2.0 3.3508617356508803 0.6476693173097712 
5.6249900830263355 2.914014962201034 0.6773098899403958 
8.264207776238512 3.272867643427672 0.49757797860965913 
11.542057243573613 3.0422434197126593 0.0019258535602225011 
2.0 6.017868354582628 0.0 
2.2560722606043404 5.865856645687938 0.05 
3.3568285208367024 2.2420314117011895 0.09240951148680746 
3.930500546056426 3.488416734825873 0.20024853183970057 
15.841985044202364 3.42573328459796 0.12179730195854432 
2.183051071394215 3.7682330925560796 0.2537911993378697 
2.0 2.5938881650076575 0.41059439929235786 
2.0 4.9145074426203275 0.2534713380958743 
5.158616560447609 2.9132897490640968 0.60704212454107 
2.310930686753178 4.051681649623047 0.6086222324544723 
2.9408213591908137 3.831061743894149 0.23154789211197635 
2.0 3.107164575282088 1.0 
2.0 9.769307526120027 0.0 
5.67873784705192 2.7704033047910572 0.9732604981076685 
5.265917720077017 2.8146329476983967 0.5 
3.2886470790819144 3.692406772164283 0.5619861259003219 
2.0 3.9326451854538456 0.39423584387377575 
2.0 3.5069568175194314 0.7638231573869386 
4.751714206927235 2.9608793958436506 0.6628939071392336 
7.507345484198428 2.745921037881515 0.9828232728019815 
2.0 8.74290514989935 0.0 
6.490311105910883 3.007652287885686 0.0 
3.041162909209503 3.0140362789960737 0.964133605614915 
2.0 3.1882974781245097 0.6371413633301458 
2.0 3.773780714692543 0.8490988028150004 
2.7124688580794203 2.808486086400625 0.95 
2.555095697237037 2.5656431906259396 0.8837579345904072 
11.748376283031636 3.3595292538001904 0.7765161600836248 
2.124745128973708 2.9199034749295008 0.17528419941256787 
2.1576801532958516 2.6521065422178736 0.9196072402479198 
