2.0 2.0 0.02382400101856169 
16.050760561507843 3.4173001188975487 0.364888688755351 
2.0 2.0 0.0 
23.594231811100467 2.966325061629627 0.35812628888976217 
2.0 2.5554482353801142 0.23059162135358316 
2.805403789734494 2.0 0.0892227622302178 
2.781189477835925 4.250020097552673 0.23200489629735477 
2.0 8.733936355975992 0.0 
25.415444309062675 2.0 0.0 
2.0 2.6842714107891683 0.04210369813804661 
2.0 9.911951459521152 0.0 
11.410744183783718 2.0 0.0 
3.386051354668638 2.0 0.0 
2.0 6.4668833338231275 0.0 
7.929995924398894 2.753565638357102 0.0649150827765669 
3.7373829679723087 2.2026613704979616 0.03992641592191397 
2.2749656052480653 6.361402685110076 0.01275565127230617 
5.047530963403359 2.0 0.0 
11.567217938190561 2.9040803314072416 0.126264316721644 
4.633363773448782 3.0103150839110704 0.5 
6.0846584378774455 2.5886605049574607 0.9298024990538838 
5.656942620383942 2.7738999870125154 0.0 
7.8471377489095016 2.9438228289371384 1.0 
10.060352060961343 3.4786077912415707 0.6540523785883576 
2.448697724849385 4.309993447028772 0.28993490158381374 
5.437515327404071 2.986639089316342 0.5699825964779954 
3.5092863130529715 2.0 0.0 
2.0 5.070208399387222 0.28274090433795346 
37.41704623710973 3.7927745807142674 0.9527603428310274 
2.448511649419227 3.9553132288970936 0.5497386494668377 
2.2215493114279727 3.014819712941806 0.27194548977140487 
2.153181005621972 4.359911445168898 0.3953789261003245 
2.0 2.925020377173911 0.5303531262711964 
2.0 3.5259446256749714 0.7555081875120648 
2.0 4.203716425110782 0.5609776175219543 
2.0 2.7168576180239006 1.0 
2.0 4.3906238088759855 0.6907670179507495 
2.0 3.27415693839072 0.3995026440224071 
2.0 3.452574547405564 0.6285804077378359 
3.2168777268689475 3.700497983323589 0.5569324976150964 
3.9514189715940957 2.828237527430022 0.18221363060184154 
2.0 2.6536313259553217 0.9016634357812374 
2.0 3.7548057640238572 0.6536396859403295 
3.1036021007709613 2.9963738640003834 1.0 
3.1912304700012886 3.1962691382211488 0.9211101946893125 
2.0 3.0495312423550858 0.15302888013364285 
2.0 3.4506790960823963 0.6694741310529044 
3.162139067488064 2.9988133395463423 0.8910152575744443 
3.227311799372698 3.0686337779297235 0.6775731984892095 
2.68392062117258 2.998212306456625 0.8166673897077321 
43.715502249289266 2.8340375675224023 0.781685581828414 
11.180528715321538 2.6131077765098345 0.0 
4.979555261955787 2.8457421291035017 0.6832548369904267 
2.0 3.561318299212124 0.7103309788613491 
7.5495788954969285 3.130590935014983 0.5560839290977875 
9.330949363689287 2.663659657592355 0.0 
6.28869303850685 3.486774595868921 0.6989060649534873 
