2.0 4.32079363982476 0.0 
7.535807930846403 2.3566175849404836 0.0 
2.0 2.0 0.0 
5.583737158910789 2.0 0.0 
2.0 6.165634966800479 0.15231550945268246 
2.325768710992554 6.265745253409011 0.4557442425528754 
2.0 3.3608349337240497 0.0 
4.991957409177321 2.0 0.0 
6.878453992246442 2.0 0.0 
2.0 2.0 0.04188111988050136 
21.971917061796663 2.5042276953862266 0.0 
2.0 2.0 0.11224036046694752 
2.242145143541559 4.162246848577467 0.3560324238088716 
2.0 3.376946678224961 0.704451518004056 
15.12484755816738 3.0553625782638947 0.0 
2.0 5.270733337415207 0.0 
3.209209253299419 2.743850451513204 0.0974400967540943 
45.328004618534216 3.46964524229209 0.1344784155653132 
2.441000678978451 3.205270389535612 0.6380445203680181 
2.0 2.438971577019968 0.16996406044531115 
2.342771032910304 3.175709794658318 0.45812548002003034 
2.065496449677577 2.562781331898165 0.7203037044029037 
2.0 3.417998667731579 0.5002428688167263 
2.0 2.6258615987769183 0.801606318770056 
2.0 3.448426149197772 0.8470282160406184 
2.3698806422902754 3.168759433440444 0.6466495201934858 
4.954562758883987 2.8477983900875263 0.0 
2.0979443303845207 2.794509200947136 0.3462184460192352 
11.917723499910764 3.086864222722724 0.0 
2.0 2.5898009562552406 0.957191728294911 
2.0 2.59941690233759 0.7523903956116977 
2.030845766041341 3.2401372165249445 1.0 
2.126051285183133 2.8323502977936528 0.9279653734906428 
2.0 2.531809792891958 0.4039259453550552 
9.27937144831437 2.0 0.0 
2.0 2.947932923201246 0.43949554079910724 
39.81729905457296 3.8785084766184497 0.5 
16.81218986239805 2.577061063745525 0.0 
2.0 3.1125939079615925 0.31365192339290365 
2.0 3.7436680705285332 0.11812541893694428 
2.0017382247966085 2.5609017726940366 0.003693501775459328 
2.18187847004274 2.8623896189834115 0.8857663636095205 
10.388848176093104 3.2942832538185645 0.0 
2.138948909118772 2.8149096235781803 0.5632510869412735 
2.048104948842817 3.1317473506442495 0.5538630191393892 
2.307795349020481 4.013259172214678 0.3178567490392332 
14.284240616985983 2.0 0.0 
2.0 3.7764975340388185 0.28447444644903214 
2.0348665759647027 2.825899467707251 0.23859059408047167 
23.34500765179228 3.0989590149063826 0.0 
2.0 3.0897333888453717 0.199039082593519 
2.0 3.156039270446387 0.18063972834603975 
3.4575631291330193 3.4880061346257096 0.1294592366228975 
10.948867602395488 3.031727522831433 0.0 
17.53679429998798 2.0 0.0 
