58.916561617270766 2.548100182623706 0.9389205741532576 
2.0 2.0 0.0 
6.164689327854256 2.0 0.8481361994542025 
10.70618931758069 2.0 0.0 
2.0 2.0 0.010793051612790983 
17.530134532172156 2.0 0.5 
2.6751556694275678 2.0 0.48397324925981755 
35.96152885407503 3.8970287614525674 0.008770658928814346 
2.0 3.495610961128685 0.02103847803265492 
2.0 2.0 0.7487664279331416 
6.308664288495921 2.0 0.0 
9.406560783435992 2.0 0.5025114362647419 
4.250015388639619 2.4509693211395613 0.04973192133332649 
3.622224232865915 2.043188349652843 0.2826867318806332 
2.0 2.090467078241644 0.7222682950326587 
5.570698131916043 2.0 0.6764572535972291 
2.0 2.0 0.9124207499869582 
6.504236225438441 2.627097545017943 0.0 
14.670587228907081 2.0 0.5090263978533021 
10.72897813313082 2.0 1.0 
17.02328713087956 2.3128861992655123 0.7075906380797107 
2.550985914615431 2.000194894378897 0.09018525365134256 
2.0 2.039991847826081 0.8431741540515868 
3.266878589088444 2.206093245950343 0.14817387360373566 
8.102101138493403 2.0 0.3923968402056799 
9.757356541746248 2.101870601919088 0.7119976442588551 
4.589798043008409 2.0 0.0 
3.2463658975038285 2.0588129136641684 0.9134475263573132 
11.662413934636776 2.0 0.5684237032823803 
2.531704991463812 2.0 0.0 
3.0560441668231997 2.0 0.19470816523007822 
2.0 2.6332909486435643 0.8276005317486991 
3.0771486134795167 2.020662197999992 0.817295159616105 
2.0 2.0 0.7771891590393267 
22.78106839707617 2.0 0.9788002322519036 
2.9378649929975573 3.372276921624781 0.5658959794185979 
2.0 2.8187658403383855 0.08832664706715676 
2.520749035209291 2.1717555726497624 0.30739764719950996 
6.0849840808831415 2.0 0.7472837193351018 
3.530647223659127 2.1070239570873652 0.7678574753191254 
3.4933263015669143 2.0001961773595833 0.7478508292766144 
3.8096094066653983 2.081331013349844 0.8144921142095118 
13.250761882640717 2.0 0.953451632236204 
7.211790078926839 2.0871711972018363 0.18582020014763384 
3.8541265896137324 3.083629763466318 0.4138580915985516 
14.354380611856943 2.0 1.0 
22.895224979222796 2.7706238942149355 0.0 
6.926720924454163 2.0 0.0 
11.092492112021787 2.0 0.8413536385860094 
3.407898896293644 2.0371432282127575 0.8602966175692475 
3.413344569098946 2.712557903021571 0.6471768053843361 
4.25575087130648 12.260418976689952 0.0 
5.515170149605122 2.3511214360943082 0.1608187206422228 
17.51867845422717 2.0 0.7603730451712439 
11.074836369736557 2.0 0.38227916888656 
13.812435437834328 2.0 0.6380893635731002 
11.440930761702855 3.0851156462724645 0.0 
2.626146977058005 2.5860549308991843 0.6781339562245352 
20.257453925515815 2.8794696908138446 0.0 
3.3383047395164946 2.0245838822983884 0.7004935727451169 
5.111982025527782 2.3052804969928036 0.2326796919343997 
25.93493620748809 6.179455279345775 0.5532785101888602 
4.70961080099285 2.9789502563336527 0.8547116405131276 
12.618366078371128 2.589605009613903 0.0 
4.30547123428745 2.0 0.8723977817693589 
