2.0 4.174497066139816 0.6310634460964251 
45.85669387968814 2.7254937676033077 0.612837810066847 
4.526282038029045 2.0 0.0 
2.0 5.95 0.03717176941241685 
2.0 2.0 0.0 
4.178965696630517 2.1147685596046433 0.0 
2.16817668453858 2.105252192737938 0.009698471863201608 
2.0 3.5019954481938713 0.725496085365191 
24.076061948620378 3.233673369475203 0.18333795470695863 
4.422965862438194 2.0 3.6511652802967876E-4 
2.0 4.197293661020515 0.5630875192058394 
2.0950472246298313 6.008244071169595 0.0 
2.0 4.230588198304692 0.6674017685995135 
2.2782670446879596 4.3614155771968 0.8083839729875992 
3.1996227766808985 2.0 0.10215284624364558 
2.4325524541572 2.5058786752954822 0.009916505250808866 
2.1091366499213944 4.8544892565413775 0.2592709664161215 
26.82819830317797 2.2636126534157928 0.0 
11.286144494826353 2.0 0.0 
3.090773386302807 2.0 0.0 
4.610165692930395 2.6033605858984483 0.5906496740273072 
2.0 2.9502395352726154 0.6138105607897565 
2.0 2.979240984043354 0.38790529546651215 
4.725804969768804 2.8863779031361956 0.5 
2.0 3.1973190505649667 1.0 
8.307966625070206 2.937528671146993 0.008854567155969773 
8.072586389741433 2.977864083866597 0.4844907703121391 
40.82639917621709 3.728360192602758 0.41324309464492626 
2.190468221654575 4.194981137956939 0.285878405870293 
2.1838659747779436 3.0898613970097166 0.6409050055197865 
2.0 8.738210305025005 0.0 
2.0 10.15908933929442 0.0 
2.0 4.389173631899969 0.5180802286924385 
16.35583926312625 2.7137994994940327 0.34301116481744925 
3.274482047466039 2.8417345171770707 0.979204915946783 
2.0 3.6030560332623973 0.8048796491840378 
9.484898627758271 2.8796760855017816 0.0 
2.114225787833695 4.205757072899776 0.3699194004066504 
2.3054182649513884 3.4146722784609684 0.2554572225998901 
11.531280456910345 2.827574668036319 0.17166573702693225 
2.1791183308894815 3.289464428909829 0.2881438765239346 
2.4361250261258034 3.192562727978583 0.5345509066056682 
5.917239498374029 2.5664182884193862 0.0 
3.935114345987089 2.694464511426094 0.15482123173123252 
2.0 2.557678028706496 0.9252408847859769 
2.5866681033832375 3.2005346601114533 0.892128300800215 
2.7000703338515732 2.8027251700221205 0.6772005755630081 
6.06330860847939 3.229026799402215 0.7415616732477344 
2.0 2.6369074389942337 0.1576763332749662 
11.029417628248336 3.1966418407401056 0.0 
7.849601303173742 3.1780097452586342 1.0 
2.631079627573696 3.8946202292048717 0.2906246226781597 
2.8640181953742636 3.1292947576025445 0.9470791139948124 
3.483684674802283 3.032493953314005 0.7928546686629204 
