2.0 2.0 0.0 
8.05 2.0 0.3425077548287343 
2.8773067156765855 2.917085054821332 0.6388013613334497 
2.0 2.0 0.03588221802719982 
2.7608344706142347 2.0 0.8490779396707424 
9.287143360068905 2.0 0.5082997530870282 
4.241649788816924 2.0 0.8819153634373033 
2.0 2.0 0.7409169607668573 
2.0 2.0 0.7250081730594308 
55.44859457109215 3.0584027973666554 0.5399713475674586 
10.995754851108869 2.0088227932176816 0.0 
18.227868527452117 2.200410110782827 0.8892446410422974 
2.0 2.0 0.9295172012709099 
2.9488069626553113 2.0 0.7409169607668573 
4.765058137442663 2.835695814771571 0.9307422280330103 
5.099574924415344 2.0 0.0 
11.616438142420192 2.0 0.5296609413061929 
3.8258295696698563 2.0 0.7969294876531574 
3.6808459199179784 2.000024097240562 0.8455324816195321 
15.262353958252888 2.0 0.43369912049288695 
10.980250687743169 2.0 0.9761711581231642 
2.0 2.131069557937342 0.7667359169274899 
6.477960328673092 2.0 0.0 
3.419329020370484 2.0 0.0 
6.523675650497062 2.04275643680787 0.24252242349280928 
6.76667484064658 2.982443372534787 0.0 
13.671643614160303 2.0 0.5580549624425122 
3.25659047651414 2.0 0.8182042444259268 
2.9167381617213124 2.0 0.18820783877127045 
2.0 2.0988478242481534 0.8502388049683031 
17.064808970763607 2.1809432722369726 0.7579810029365627 
2.678821783319572 2.0765294625420836 0.14288469536572768 
7.049981557483559 2.0 0.0 
10.063282376598599 2.043747478618262 0.736486376948881 
10.78445724009766 2.0 0.3239843758204726 
4.340705727559492 2.0 0.0801154137721303 
2.0 3.3076031631018212 0.010841217503177791 
11.31946379551463 2.662603710341293 0.0 
5.582241785955061 2.130344911901818 0.7669384308118494 
5.594040867056361 2.2909698782257752 0.7250183587718172 
4.159811468611348 3.311807663056231 0.4024308962045809 
11.457523224613475 2.0 0.933641402853304 
3.4082651285619683 2.0266408733739967 0.0984514396004639 
2.5159482817416454 2.0 0.6863165444088568 
5.969213354103491 2.1127844310424715 0.9626728703971174 
4.476130035983914 2.004393759175042 0.29357446126732223 
4.756894426528387 2.0 0.2376898983364914 
18.288125237496644 2.0064456487806064 0.5300565412361121 
3.206198815804903 2.0 0.47545872089871843 
2.5396289399953744 2.0 0.314898686012412 
6.076856906931813 2.040606514211897 0.20546919894775895 
2.0 3.132951823342689 0.8921727995466178 
25.495164638558812 5.798003163747761 0.42917953593962677 
2.7650479059545052 2.605768858069098 0.7331327865563978 
12.663107683086038 2.518984043261353 0.0 
2.8405698819856475 2.561831191610586 0.715737443017582 
23.464147537400553 3.079985243729966 0.0 
23.273371585864627 2.2608245258690514 1.0 
37.68949236611041 3.5031608932067346 0.6250761424442998 
5.638631781509169 2.2002966431240374 0.8868145177527307 
19.851072546865904 3.141710754162064 0.0 
14.450059196543387 2.0 0.8677176579977592 
13.2012076508143 2.0 0.8687066911268844 
2.0 2.632643238789983 0.07608715403389485 
